0.001	0.01	0.1	0.0277388415516549
0.001	0.01	0.2	0.0579829927726411
0.001	0.01	0.3	0.0773500409637197
0.001	0.01	0.4	0.133306461590395
0.001	0.01	0.5	0.138970200568612
0.001	0.01	0.6	0.142608285136272
0.001	0.01	0.7	0.136873179101675
0.001	0.01	0.8	0.150136374284764
0.001	0.01	0.9	0.14501807164819
0.001	0.01	1	0.141590910275927
0.001	0.1	0.1	0.0650897188245236
0.001	0.1	0.2	0.0565924891867786
0.001	0.1	0.3	0.119005506983864
0.001	0.1	0.4	0.167942327088241
0.001	0.1	0.5	0.166582093692011
0.001	0.1	0.6	0.185816910034004
0.001	0.1	0.7	0.158996903198674
0.001	0.1	0.8	0.170448112016035
0.001	0.1	0.9	0.155805420928562
0.001	0.1	1	0.163223370899107
0.001	1	0.1	0.0755111750036319
0.001	1	0.2	0.123152630230667
0.001	1	0.3	0.152107583078703
0.001	1	0.4	0.186370120047841
0.001	1	0.5	0.179418453053424
0.001	1	0.6	0.158624835162219
0.001	1	0.7	0.151690085489175
0.001	1	0.8	0.150296260916155
0.001	1	0.9	0.152318411038582
0.001	1	1	0.150549599798263
0.001	10	0.1	0.0846361834807308
0.001	10	0.2	0.169446152241266
0.001	10	0.3	0.16114226800825
0.001	10	0.4	0.174513996735663
0.001	10	0.5	0.167613589965832
0.001	10	0.6	0.14952864780488
0.001	10	0.7	0.142995079275755
0.001	10	0.8	0.144292064458922
0.001	10	0.9	0.138447491447646
0.001	10	1	0.138329453299523
0.001	20	0.1	0.119915305150313
0.001	20	0.2	0.156663124054511
0.001	20	0.3	0.159612440405782
0.001	20	0.4	0.156759212735725
0.001	20	0.5	0.148632222766137
0.001	20	0.6	0.144576908921997
0.001	20	0.7	0.146125927426289
0.001	20	0.8	0.143901723124273
0.001	20	0.9	0.143889104297239
0.001	20	1	0.143898786007392
0.001	30	0.1	0.128098537812391
0.001	30	0.2	0.155102835529722
0.001	30	0.3	0.158568743864229
0.001	30	0.4	0.155492357119993
0.001	30	0.5	0.144269433560787
0.001	30	0.6	0.141561612934015
0.001	30	0.7	0.139671584200746
0.001	30	0.8	0.139660289143668
0.001	30	0.9	0.14240114216357
0.001	30	1	0.142390218331411
0.001	40	0.1	0.147562786824441
0.001	40	0.2	0.152961853973924
0.001	40	0.3	0.156622679394757
0.001	40	0.4	0.156319419206302
0.001	40	0.5	0.139249716057278
0.001	40	0.6	0.142104360683287
0.001	40	0.7	0.144074456342828
0.001	40	0.8	0.144061812731027
0.001	40	0.9	0.14404531050496
0.001	40	1	0.14401497943669
0.001	50	0.1	0.149562175746445
0.001	50	0.2	0.15801790620432
0.001	50	0.3	0.165780824682236
0.001	50	0.4	0.147761508434473
0.001	50	0.5	0.138175533316093
0.001	50	0.6	0.136145374173943
0.001	50	0.7	0.140783333945049
0.001	50	0.8	0.140783513246506
0.001	50	0.9	0.140785043178339
0.001	50	1	0.140776755578534
0.001	60	0.1	0.154262502259042
0.001	60	0.2	0.160770167236056
0.001	60	0.3	0.169427519089162
0.001	60	0.4	0.144550559133488
0.001	60	0.5	0.134673989382544
0.001	60	0.6	0.144223054180717
0.001	60	0.7	0.143832432124114
0.001	60	0.8	0.143845036870304
0.001	60	0.9	0.14381123353036
0.001	60	1	0.143795136884597
0.001	70	0.1	0.156707789503147
0.001	70	0.2	0.159105329413536
0.001	70	0.3	0.161768995694257
0.001	70	0.4	0.144078317324551
0.001	70	0.5	0.14449185606483
0.001	70	0.6	0.147104416266866
0.001	70	0.7	0.147126526588602
0.001	70	0.8	0.147142255173122
0.001	70	0.9	0.147124652209918
0.001	70	1	0.147089044286371
0.001	80	0.1	0.158175182501855
0.001	80	0.2	0.151390573944757
0.001	80	0.3	0.159356124923509
0.001	80	0.4	0.140396077577809
0.001	80	0.5	0.147799482948634
0.001	80	0.6	0.147148752744396
0.001	80	0.7	0.147150103951738
0.001	80	0.8	0.14717013869737
0.001	80	0.9	0.147151114569005
0.001	80	1	0.147143978807184
0.001	90	0.1	0.158550502751092
0.001	90	0.2	0.150371284254054
0.001	90	0.3	0.152715447851459
0.001	90	0.4	0.143733029071938
0.001	90	0.5	0.144067513313459
0.001	90	0.6	0.14666604799208
0.001	90	0.7	0.146670799874848
0.001	90	0.8	0.146684207336506
0.001	90	0.9	0.14667387883351
0.001	90	1	0.146691855669379
0.001	100	0.1	0.154427777645269
0.001	100	0.2	0.149215923354826
0.001	100	0.3	0.148747066128717
0.001	100	0.4	0.145993260487354
0.001	100	0.5	0.14660591429018
0.001	100	0.6	0.142682734324032
0.001	100	0.7	0.142690539912654
0.001	100	0.8	0.142702912138108
0.001	100	0.9	0.142700843698083
0.001	100	1	0.142695698975464
0.001	150	0.1	0.165298961467748
0.001	150	0.2	0.156268344378503
0.001	150	0.3	0.143280890758685
0.001	150	0.4	0.140103023494919
0.001	150	0.5	0.136609915092463
0.001	150	0.6	0.136629329935288
0.001	150	0.7	0.13661011072363
0.001	150	0.8	0.136631828717913
0.001	150	0.9	0.136629534536244
0.001	150	1	0.136632314583398
0.001	200	0.1	0.15646435396669
0.001	200	0.2	0.1566664478006
0.001	200	0.3	0.144568100948434
0.001	200	0.4	0.143059991515096
0.001	200	0.5	0.142018563315206
0.001	200	0.6	0.142017653608453
0.001	200	0.7	0.142018718918234
0.001	200	0.8	0.142009253534008
0.001	200	0.9	0.142015882848529
0.001	200	1	0.142004455198474
0.001	500	0.1	0.146450415253791
0.001	500	0.2	0.136708460765005
0.001	500	0.3	0.140929460419058
0.001	500	0.4	0.14089953230105
0.001	500	0.5	0.14088046540146
0.001	500	0.6	0.140888099490972
0.001	500	0.7	0.140880597241097
0.001	500	0.8	0.140887040782682
0.001	500	0.9	0.140891640656211
0.001	500	1	0.140878933938888
0.001	1000	0.1	0.126856340780098
0.001	1000	0.2	0.121267461217065
0.001	1000	0.3	0.126757523804909
0.001	1000	0.4	0.12676478943241
0.001	1000	0.5	0.126755089988453
0.001	1000	0.6	0.12676035105514
0.001	1000	0.7	0.126766224291568
0.001	1000	0.8	0.126763772937538
0.001	1000	0.9	0.12675729457571
0.001	1000	1	0.126766718297525
0.005	0.01	0.1	0.0277388415516549
0.005	0.01	0.2	0.0579829927726411
0.005	0.01	0.3	0.0773500409637197
0.005	0.01	0.4	0.133306461590395
0.005	0.01	0.5	0.138970200568612
0.005	0.01	0.6	0.142608285136272
0.005	0.01	0.7	0.136873179101675
0.005	0.01	0.8	0.150136374284764
0.005	0.01	0.9	0.14501807164819
0.005	0.01	1	0.141590910275927
0.005	0.1	0.1	0.0650897188245236
0.005	0.1	0.2	0.0565924891867786
0.005	0.1	0.3	0.119005506983864
0.005	0.1	0.4	0.167942327088241
0.005	0.1	0.5	0.166582093692011
0.005	0.1	0.6	0.185816910034004
0.005	0.1	0.7	0.158996903198674
0.005	0.1	0.8	0.170448112016035
0.005	0.1	0.9	0.155805420928562
0.005	0.1	1	0.163223370899107
0.005	1	0.1	0.0755111750036319
0.005	1	0.2	0.123152630230667
0.005	1	0.3	0.152107583078703
0.005	1	0.4	0.186370120047841
0.005	1	0.5	0.179418453053424
0.005	1	0.6	0.158624835162219
0.005	1	0.7	0.151690085489175
0.005	1	0.8	0.150296260916155
0.005	1	0.9	0.152318411038582
0.005	1	1	0.150549599798263
0.005	10	0.1	0.0846361834807308
0.005	10	0.2	0.169446152241266
0.005	10	0.3	0.16114226800825
0.005	10	0.4	0.174513996735663
0.005	10	0.5	0.167613589965832
0.005	10	0.6	0.14952864780488
0.005	10	0.7	0.142995079275755
0.005	10	0.8	0.144292064458922
0.005	10	0.9	0.138447491447646
0.005	10	1	0.138329453299523
0.005	20	0.1	0.119915305150313
0.005	20	0.2	0.156663124054511
0.005	20	0.3	0.159612440405782
0.005	20	0.4	0.156759212735725
0.005	20	0.5	0.148632222766137
0.005	20	0.6	0.144576908921997
0.005	20	0.7	0.146125927426289
0.005	20	0.8	0.143901723124273
0.005	20	0.9	0.143889104297239
0.005	20	1	0.143898786007392
0.005	30	0.1	0.128098537812391
0.005	30	0.2	0.155102835529722
0.005	30	0.3	0.158568743864229
0.005	30	0.4	0.155492357119993
0.005	30	0.5	0.144269433560787
0.005	30	0.6	0.141561612934015
0.005	30	0.7	0.139671584200746
0.005	30	0.8	0.139660289143668
0.005	30	0.9	0.14240114216357
0.005	30	1	0.142390218331411
0.005	40	0.1	0.147562786824441
0.005	40	0.2	0.152961853973924
0.005	40	0.3	0.156622679394757
0.005	40	0.4	0.156319419206302
0.005	40	0.5	0.139249716057278
0.005	40	0.6	0.142104360683287
0.005	40	0.7	0.144074456342828
0.005	40	0.8	0.144061812731027
0.005	40	0.9	0.14404531050496
0.005	40	1	0.14401497943669
0.005	50	0.1	0.149562175746445
0.005	50	0.2	0.15801790620432
0.005	50	0.3	0.165780824682236
0.005	50	0.4	0.147761508434473
0.005	50	0.5	0.138175533316093
0.005	50	0.6	0.136145374173943
0.005	50	0.7	0.140783333945049
0.005	50	0.8	0.140783513246506
0.005	50	0.9	0.140785043178339
0.005	50	1	0.140776755578534
0.005	60	0.1	0.154262502259042
0.005	60	0.2	0.160770167236056
0.005	60	0.3	0.169427519089162
0.005	60	0.4	0.144550559133488
0.005	60	0.5	0.134673989382544
0.005	60	0.6	0.144223054180717
0.005	60	0.7	0.143832432124114
0.005	60	0.8	0.143845036870304
0.005	60	0.9	0.14381123353036
0.005	60	1	0.143795136884597
0.005	70	0.1	0.156707789503147
0.005	70	0.2	0.159105329413536
0.005	70	0.3	0.161768995694257
0.005	70	0.4	0.144078317324551
0.005	70	0.5	0.14449185606483
0.005	70	0.6	0.147104416266866
0.005	70	0.7	0.147126526588602
0.005	70	0.8	0.147142255173122
0.005	70	0.9	0.147124652209918
0.005	70	1	0.147089044286371
0.005	80	0.1	0.158175182501855
0.005	80	0.2	0.151390573944757
0.005	80	0.3	0.159356124923509
0.005	80	0.4	0.140396077577809
0.005	80	0.5	0.147799482948634
0.005	80	0.6	0.147148752744396
0.005	80	0.7	0.147150103951738
0.005	80	0.8	0.14717013869737
0.005	80	0.9	0.147151114569005
0.005	80	1	0.147143978807184
0.005	90	0.1	0.158550502751092
0.005	90	0.2	0.150371284254054
0.005	90	0.3	0.152715447851459
0.005	90	0.4	0.143733029071938
0.005	90	0.5	0.144067513313459
0.005	90	0.6	0.14666604799208
0.005	90	0.7	0.146670799874848
0.005	90	0.8	0.146684207336506
0.005	90	0.9	0.14667387883351
0.005	90	1	0.146691855669379
0.005	100	0.1	0.154427777645269
0.005	100	0.2	0.149215923354826
0.005	100	0.3	0.148747066128717
0.005	100	0.4	0.145993260487354
0.005	100	0.5	0.14660591429018
0.005	100	0.6	0.142682734324032
0.005	100	0.7	0.142690539912654
0.005	100	0.8	0.142702912138108
0.005	100	0.9	0.142700843698083
0.005	100	1	0.142695698975464
0.005	150	0.1	0.165298961467748
0.005	150	0.2	0.156268344378503
0.005	150	0.3	0.143280890758685
0.005	150	0.4	0.140103023494919
0.005	150	0.5	0.136609915092463
0.005	150	0.6	0.136629329935288
0.005	150	0.7	0.13661011072363
0.005	150	0.8	0.136631828717913
0.005	150	0.9	0.136629534536244
0.005	150	1	0.136632314583398
0.005	200	0.1	0.15646435396669
0.005	200	0.2	0.1566664478006
0.005	200	0.3	0.144568100948434
0.005	200	0.4	0.143059991515096
0.005	200	0.5	0.142018563315206
0.005	200	0.6	0.142017653608453
0.005	200	0.7	0.142018718918234
0.005	200	0.8	0.142009253534008
0.005	200	0.9	0.142015882848529
0.005	200	1	0.142004455198474
0.005	500	0.1	0.146450415253791
0.005	500	0.2	0.136708460765005
0.005	500	0.3	0.140929460419058
0.005	500	0.4	0.14089953230105
0.005	500	0.5	0.14088046540146
0.005	500	0.6	0.140888099490972
0.005	500	0.7	0.140880597241097
0.005	500	0.8	0.140887040782682
0.005	500	0.9	0.140891640656211
0.005	500	1	0.140878933938888
0.005	1000	0.1	0.126856340780098
0.005	1000	0.2	0.121267461217065
0.005	1000	0.3	0.126757523804909
0.005	1000	0.4	0.12676478943241
0.005	1000	0.5	0.126755089988453
0.005	1000	0.6	0.12676035105514
0.005	1000	0.7	0.126766224291568
0.005	1000	0.8	0.126763772937538
0.005	1000	0.9	0.12675729457571
0.005	1000	1	0.126766718297525
0.01	0.01	0.1	0.0277388415516549
0.01	0.01	0.2	0.0579829927726411
0.01	0.01	0.3	0.0773500409637197
0.01	0.01	0.4	0.133306461590395
0.01	0.01	0.5	0.138970200568612
0.01	0.01	0.6	0.142608285136272
0.01	0.01	0.7	0.136873179101675
0.01	0.01	0.8	0.150136374284764
0.01	0.01	0.9	0.14501807164819
0.01	0.01	1	0.141590910275927
0.01	0.1	0.1	0.0650897188245236
0.01	0.1	0.2	0.0565924891867786
0.01	0.1	0.3	0.119005506983864
0.01	0.1	0.4	0.167942327088241
0.01	0.1	0.5	0.166582093692011
0.01	0.1	0.6	0.185816910034004
0.01	0.1	0.7	0.158996903198674
0.01	0.1	0.8	0.170448112016035
0.01	0.1	0.9	0.155805420928562
0.01	0.1	1	0.163223370899107
0.01	1	0.1	0.0755111750036319
0.01	1	0.2	0.123152630230667
0.01	1	0.3	0.152107583078703
0.01	1	0.4	0.186370120047841
0.01	1	0.5	0.179418453053424
0.01	1	0.6	0.158624835162219
0.01	1	0.7	0.151690085489175
0.01	1	0.8	0.150296260916155
0.01	1	0.9	0.152318411038582
0.01	1	1	0.150549599798263
0.01	10	0.1	0.0846361834807308
0.01	10	0.2	0.169446152241266
0.01	10	0.3	0.16114226800825
0.01	10	0.4	0.174513996735663
0.01	10	0.5	0.167613589965832
0.01	10	0.6	0.14952864780488
0.01	10	0.7	0.142995079275755
0.01	10	0.8	0.144292064458922
0.01	10	0.9	0.138447491447646
0.01	10	1	0.138329453299523
0.01	20	0.1	0.119915305150313
0.01	20	0.2	0.156663124054511
0.01	20	0.3	0.159612440405782
0.01	20	0.4	0.156759212735725
0.01	20	0.5	0.148632222766137
0.01	20	0.6	0.144576908921997
0.01	20	0.7	0.146125927426289
0.01	20	0.8	0.143901723124273
0.01	20	0.9	0.143889104297239
0.01	20	1	0.143898786007392
0.01	30	0.1	0.128098537812391
0.01	30	0.2	0.155102835529722
0.01	30	0.3	0.158568743864229
0.01	30	0.4	0.155492357119993
0.01	30	0.5	0.144269433560787
0.01	30	0.6	0.141561612934015
0.01	30	0.7	0.139671584200746
0.01	30	0.8	0.139660289143668
0.01	30	0.9	0.14240114216357
0.01	30	1	0.142390218331411
0.01	40	0.1	0.147562786824441
0.01	40	0.2	0.152961853973924
0.01	40	0.3	0.156622679394757
0.01	40	0.4	0.156319419206302
0.01	40	0.5	0.139249716057278
0.01	40	0.6	0.142104360683287
0.01	40	0.7	0.144074456342828
0.01	40	0.8	0.144061812731027
0.01	40	0.9	0.14404531050496
0.01	40	1	0.14401497943669
0.01	50	0.1	0.149562175746445
0.01	50	0.2	0.15801790620432
0.01	50	0.3	0.165780824682236
0.01	50	0.4	0.147761508434473
0.01	50	0.5	0.138175533316093
0.01	50	0.6	0.136145374173943
0.01	50	0.7	0.140783333945049
0.01	50	0.8	0.140783513246506
0.01	50	0.9	0.140785043178339
0.01	50	1	0.140776755578534
0.01	60	0.1	0.154262502259042
0.01	60	0.2	0.160770167236056
0.01	60	0.3	0.169427519089162
0.01	60	0.4	0.144550559133488
0.01	60	0.5	0.134673989382544
0.01	60	0.6	0.144223054180717
0.01	60	0.7	0.143832432124114
0.01	60	0.8	0.143845036870304
0.01	60	0.9	0.14381123353036
0.01	60	1	0.143795136884597
0.01	70	0.1	0.156707789503147
0.01	70	0.2	0.159105329413536
0.01	70	0.3	0.161768995694257
0.01	70	0.4	0.144078317324551
0.01	70	0.5	0.14449185606483
0.01	70	0.6	0.147104416266866
0.01	70	0.7	0.147126526588602
0.01	70	0.8	0.147142255173122
0.01	70	0.9	0.147124652209918
0.01	70	1	0.147089044286371
0.01	80	0.1	0.158175182501855
0.01	80	0.2	0.151390573944757
0.01	80	0.3	0.159356124923509
0.01	80	0.4	0.140396077577809
0.01	80	0.5	0.147799482948634
0.01	80	0.6	0.147148752744396
0.01	80	0.7	0.147150103951738
0.01	80	0.8	0.14717013869737
0.01	80	0.9	0.147151114569005
0.01	80	1	0.147143978807184
0.01	90	0.1	0.158550502751092
0.01	90	0.2	0.150371284254054
0.01	90	0.3	0.152715447851459
0.01	90	0.4	0.143733029071938
0.01	90	0.5	0.144067513313459
0.01	90	0.6	0.14666604799208
0.01	90	0.7	0.146670799874848
0.01	90	0.8	0.146684207336506
0.01	90	0.9	0.14667387883351
0.01	90	1	0.146691855669379
0.01	100	0.1	0.154427777645269
0.01	100	0.2	0.149215923354826
0.01	100	0.3	0.148747066128717
0.01	100	0.4	0.145993260487354
0.01	100	0.5	0.14660591429018
0.01	100	0.6	0.142682734324032
0.01	100	0.7	0.142690539912654
0.01	100	0.8	0.142702912138108
0.01	100	0.9	0.142700843698083
0.01	100	1	0.142695698975464
0.01	150	0.1	0.165298961467748
0.01	150	0.2	0.156268344378503
0.01	150	0.3	0.143280890758685
0.01	150	0.4	0.140103023494919
0.01	150	0.5	0.136609915092463
0.01	150	0.6	0.136629329935288
0.01	150	0.7	0.13661011072363
0.01	150	0.8	0.136631828717913
0.01	150	0.9	0.136629534536244
0.01	150	1	0.136632314583398
0.01	200	0.1	0.15646435396669
0.01	200	0.2	0.1566664478006
0.01	200	0.3	0.144568100948434
0.01	200	0.4	0.143059991515096
0.01	200	0.5	0.142018563315206
0.01	200	0.6	0.142017653608453
0.01	200	0.7	0.142018718918234
0.01	200	0.8	0.142009253534008
0.01	200	0.9	0.142015882848529
0.01	200	1	0.142004455198474
0.01	500	0.1	0.146450415253791
0.01	500	0.2	0.136708460765005
0.01	500	0.3	0.140929460419058
0.01	500	0.4	0.14089953230105
0.01	500	0.5	0.14088046540146
0.01	500	0.6	0.140888099490972
0.01	500	0.7	0.140880597241097
0.01	500	0.8	0.140887040782682
0.01	500	0.9	0.140891640656211
0.01	500	1	0.140878933938888
0.01	1000	0.1	0.126856340780098
0.01	1000	0.2	0.121267461217065
0.01	1000	0.3	0.126757523804909
0.01	1000	0.4	0.12676478943241
0.01	1000	0.5	0.126755089988453
0.01	1000	0.6	0.12676035105514
0.01	1000	0.7	0.126766224291568
0.01	1000	0.8	0.126763772937538
0.01	1000	0.9	0.12675729457571
0.01	1000	1	0.126766718297525
0.05	0.01	0.1	0.0277388415516549
0.05	0.01	0.2	0.0579829927726411
0.05	0.01	0.3	0.0773500409637197
0.05	0.01	0.4	0.133306461590395
0.05	0.01	0.5	0.138970200568612
0.05	0.01	0.6	0.142608285136272
0.05	0.01	0.7	0.136873179101675
0.05	0.01	0.8	0.150136374284764
0.05	0.01	0.9	0.14501807164819
0.05	0.01	1	0.141590910275927
0.05	0.1	0.1	0.0650897188245236
0.05	0.1	0.2	0.0565924891867786
0.05	0.1	0.3	0.119005506983864
0.05	0.1	0.4	0.167942327088241
0.05	0.1	0.5	0.166582093692011
0.05	0.1	0.6	0.185816910034004
0.05	0.1	0.7	0.158996903198674
0.05	0.1	0.8	0.170448112016035
0.05	0.1	0.9	0.155805420928562
0.05	0.1	1	0.163223370899107
0.05	1	0.1	0.0755111750036319
0.05	1	0.2	0.123152630230667
0.05	1	0.3	0.152107583078703
0.05	1	0.4	0.186370120047841
0.05	1	0.5	0.179418453053424
0.05	1	0.6	0.158624835162219
0.05	1	0.7	0.151690085489175
0.05	1	0.8	0.150296260916155
0.05	1	0.9	0.152318411038582
0.05	1	1	0.150549599798263
0.05	10	0.1	0.0846361834807308
0.05	10	0.2	0.169446152241266
0.05	10	0.3	0.16114226800825
0.05	10	0.4	0.174513996735663
0.05	10	0.5	0.167613589965832
0.05	10	0.6	0.14952864780488
0.05	10	0.7	0.142995079275755
0.05	10	0.8	0.144292064458922
0.05	10	0.9	0.138447491447646
0.05	10	1	0.138329453299523
0.05	20	0.1	0.119915305150313
0.05	20	0.2	0.156663124054511
0.05	20	0.3	0.159612440405782
0.05	20	0.4	0.156759212735725
0.05	20	0.5	0.148632222766137
0.05	20	0.6	0.144576908921997
0.05	20	0.7	0.146125927426289
0.05	20	0.8	0.143901723124273
0.05	20	0.9	0.143889104297239
0.05	20	1	0.143898786007392
0.05	30	0.1	0.128098537812391
0.05	30	0.2	0.155102835529722
0.05	30	0.3	0.158568743864229
0.05	30	0.4	0.155492357119993
0.05	30	0.5	0.144269433560787
0.05	30	0.6	0.141561612934015
0.05	30	0.7	0.139671584200746
0.05	30	0.8	0.139660289143668
0.05	30	0.9	0.14240114216357
0.05	30	1	0.142390218331411
0.05	40	0.1	0.147562786824441
0.05	40	0.2	0.152961853973924
0.05	40	0.3	0.156622679394757
0.05	40	0.4	0.156319419206302
0.05	40	0.5	0.139249716057278
0.05	40	0.6	0.142104360683287
0.05	40	0.7	0.144074456342828
0.05	40	0.8	0.144061812731027
0.05	40	0.9	0.14404531050496
0.05	40	1	0.14401497943669
0.05	50	0.1	0.149562175746445
0.05	50	0.2	0.15801790620432
0.05	50	0.3	0.165780824682236
0.05	50	0.4	0.147761508434473
0.05	50	0.5	0.138175533316093
0.05	50	0.6	0.136145374173943
0.05	50	0.7	0.140783333945049
0.05	50	0.8	0.140783513246506
0.05	50	0.9	0.140785043178339
0.05	50	1	0.140776755578534
0.05	60	0.1	0.154262502259042
0.05	60	0.2	0.160770167236056
0.05	60	0.3	0.169427519089162
0.05	60	0.4	0.144550559133488
0.05	60	0.5	0.134673989382544
0.05	60	0.6	0.144223054180717
0.05	60	0.7	0.143832432124114
0.05	60	0.8	0.143845036870304
0.05	60	0.9	0.14381123353036
0.05	60	1	0.143795136884597
0.05	70	0.1	0.156707789503147
0.05	70	0.2	0.159105329413536
0.05	70	0.3	0.161768995694257
0.05	70	0.4	0.144078317324551
0.05	70	0.5	0.14449185606483
0.05	70	0.6	0.147104416266866
0.05	70	0.7	0.147126526588602
0.05	70	0.8	0.147142255173122
0.05	70	0.9	0.147124652209918
0.05	70	1	0.147089044286371
0.05	80	0.1	0.158175182501855
0.05	80	0.2	0.151390573944757
0.05	80	0.3	0.159356124923509
0.05	80	0.4	0.140396077577809
0.05	80	0.5	0.147799482948634
0.05	80	0.6	0.147148752744396
0.05	80	0.7	0.147150103951738
0.05	80	0.8	0.14717013869737
0.05	80	0.9	0.147151114569005
0.05	80	1	0.147143978807184
0.05	90	0.1	0.158550502751092
0.05	90	0.2	0.150371284254054
0.05	90	0.3	0.152715447851459
0.05	90	0.4	0.143733029071938
0.05	90	0.5	0.144067513313459
0.05	90	0.6	0.14666604799208
0.05	90	0.7	0.146670799874848
0.05	90	0.8	0.146684207336506
0.05	90	0.9	0.14667387883351
0.05	90	1	0.146691855669379
0.05	100	0.1	0.154427777645269
0.05	100	0.2	0.149215923354826
0.05	100	0.3	0.148747066128717
0.05	100	0.4	0.145993260487354
0.05	100	0.5	0.14660591429018
0.05	100	0.6	0.142682734324032
0.05	100	0.7	0.142690539912654
0.05	100	0.8	0.142702912138108
0.05	100	0.9	0.142700843698083
0.05	100	1	0.142695698975464
0.05	150	0.1	0.165298961467748
0.05	150	0.2	0.156268344378503
0.05	150	0.3	0.143280890758685
0.05	150	0.4	0.140103023494919
0.05	150	0.5	0.136609915092463
0.05	150	0.6	0.136629329935288
0.05	150	0.7	0.13661011072363
0.05	150	0.8	0.136631828717913
0.05	150	0.9	0.136629534536244
0.05	150	1	0.136632314583398
0.05	200	0.1	0.15646435396669
0.05	200	0.2	0.1566664478006
0.05	200	0.3	0.144568100948434
0.05	200	0.4	0.143059991515096
0.05	200	0.5	0.142018563315206
0.05	200	0.6	0.142017653608453
0.05	200	0.7	0.142018718918234
0.05	200	0.8	0.142009253534008
0.05	200	0.9	0.142015882848529
0.05	200	1	0.142004455198474
0.05	500	0.1	0.146450415253791
0.05	500	0.2	0.136708460765005
0.05	500	0.3	0.140929460419058
0.05	500	0.4	0.14089953230105
0.05	500	0.5	0.14088046540146
0.05	500	0.6	0.140888099490972
0.05	500	0.7	0.140880597241097
0.05	500	0.8	0.140887040782682
0.05	500	0.9	0.140891640656211
0.05	500	1	0.140878933938888
0.05	1000	0.1	0.126856340780098
0.05	1000	0.2	0.121267461217065
0.05	1000	0.3	0.126757523804909
0.05	1000	0.4	0.12676478943241
0.05	1000	0.5	0.126755089988453
0.05	1000	0.6	0.12676035105514
0.05	1000	0.7	0.126766224291568
0.05	1000	0.8	0.126763772937538
0.05	1000	0.9	0.12675729457571
0.05	1000	1	0.126766718297525
0.1	0.01	0.1	0.0277388415516549
0.1	0.01	0.2	0.0579829927726411
0.1	0.01	0.3	0.0773500409637197
0.1	0.01	0.4	0.133306461590395
0.1	0.01	0.5	0.138970200568612
0.1	0.01	0.6	0.142608285136272
0.1	0.01	0.7	0.136873179101675
0.1	0.01	0.8	0.150136374284764
0.1	0.01	0.9	0.14501807164819
0.1	0.01	1	0.141590910275927
0.1	0.1	0.1	0.0650897188245236
0.1	0.1	0.2	0.0565924891867786
0.1	0.1	0.3	0.119005506983864
0.1	0.1	0.4	0.167942327088241
0.1	0.1	0.5	0.166582093692011
0.1	0.1	0.6	0.185816910034004
0.1	0.1	0.7	0.158996903198674
0.1	0.1	0.8	0.170448112016035
0.1	0.1	0.9	0.155805420928562
0.1	0.1	1	0.163223370899107
0.1	1	0.1	0.0755111750036319
0.1	1	0.2	0.123152630230667
0.1	1	0.3	0.152107583078703
0.1	1	0.4	0.186370120047841
0.1	1	0.5	0.179418453053424
0.1	1	0.6	0.158624835162219
0.1	1	0.7	0.151690085489175
0.1	1	0.8	0.150296260916155
0.1	1	0.9	0.152318411038582
0.1	1	1	0.150549599798263
0.1	10	0.1	0.0846361834807308
0.1	10	0.2	0.169446152241266
0.1	10	0.3	0.16114226800825
0.1	10	0.4	0.174513996735663
0.1	10	0.5	0.167613589965832
0.1	10	0.6	0.14952864780488
0.1	10	0.7	0.142995079275755
0.1	10	0.8	0.144292064458922
0.1	10	0.9	0.138447491447646
0.1	10	1	0.138329453299523
0.1	20	0.1	0.119915305150313
0.1	20	0.2	0.156663124054511
0.1	20	0.3	0.159612440405782
0.1	20	0.4	0.156759212735725
0.1	20	0.5	0.148632222766137
0.1	20	0.6	0.144576908921997
0.1	20	0.7	0.146125927426289
0.1	20	0.8	0.143901723124273
0.1	20	0.9	0.143889104297239
0.1	20	1	0.143898786007392
0.1	30	0.1	0.128098537812391
0.1	30	0.2	0.155102835529722
0.1	30	0.3	0.158568743864229
0.1	30	0.4	0.155492357119993
0.1	30	0.5	0.144269433560787
0.1	30	0.6	0.141561612934015
0.1	30	0.7	0.139671584200746
0.1	30	0.8	0.139660289143668
0.1	30	0.9	0.14240114216357
0.1	30	1	0.142390218331411
0.1	40	0.1	0.147562786824441
0.1	40	0.2	0.152961853973924
0.1	40	0.3	0.156622679394757
0.1	40	0.4	0.156319419206302
0.1	40	0.5	0.139249716057278
0.1	40	0.6	0.142104360683287
0.1	40	0.7	0.144074456342828
0.1	40	0.8	0.144061812731027
0.1	40	0.9	0.14404531050496
0.1	40	1	0.14401497943669
0.1	50	0.1	0.149562175746445
0.1	50	0.2	0.15801790620432
0.1	50	0.3	0.165780824682236
0.1	50	0.4	0.147761508434473
0.1	50	0.5	0.138175533316093
0.1	50	0.6	0.136145374173943
0.1	50	0.7	0.140783333945049
0.1	50	0.8	0.140783513246506
0.1	50	0.9	0.140785043178339
0.1	50	1	0.140776755578534
0.1	60	0.1	0.154262502259042
0.1	60	0.2	0.160770167236056
0.1	60	0.3	0.169427519089162
0.1	60	0.4	0.144550559133488
0.1	60	0.5	0.134673989382544
0.1	60	0.6	0.144223054180717
0.1	60	0.7	0.143832432124114
0.1	60	0.8	0.143845036870304
0.1	60	0.9	0.14381123353036
0.1	60	1	0.143795136884597
0.1	70	0.1	0.156707789503147
0.1	70	0.2	0.159105329413536
0.1	70	0.3	0.161768995694257
0.1	70	0.4	0.144078317324551
0.1	70	0.5	0.14449185606483
0.1	70	0.6	0.147104416266866
0.1	70	0.7	0.147126526588602
0.1	70	0.8	0.147142255173122
0.1	70	0.9	0.147124652209918
0.1	70	1	0.147089044286371
0.1	80	0.1	0.158175182501855
0.1	80	0.2	0.151390573944757
0.1	80	0.3	0.159356124923509
0.1	80	0.4	0.140396077577809
0.1	80	0.5	0.147799482948634
0.1	80	0.6	0.147148752744396
0.1	80	0.7	0.147150103951738
0.1	80	0.8	0.14717013869737
0.1	80	0.9	0.147151114569005
0.1	80	1	0.147143978807184
0.1	90	0.1	0.158550502751092
0.1	90	0.2	0.150371284254054
0.1	90	0.3	0.152715447851459
0.1	90	0.4	0.143733029071938
0.1	90	0.5	0.144067513313459
0.1	90	0.6	0.14666604799208
0.1	90	0.7	0.146670799874848
0.1	90	0.8	0.146684207336506
0.1	90	0.9	0.14667387883351
0.1	90	1	0.146691855669379
0.1	100	0.1	0.154427777645269
0.1	100	0.2	0.149215923354826
0.1	100	0.3	0.148747066128717
0.1	100	0.4	0.145993260487354
0.1	100	0.5	0.14660591429018
0.1	100	0.6	0.142682734324032
0.1	100	0.7	0.142690539912654
0.1	100	0.8	0.142702912138108
0.1	100	0.9	0.142700843698083
0.1	100	1	0.142695698975464
0.1	150	0.1	0.165298961467748
0.1	150	0.2	0.156268344378503
0.1	150	0.3	0.143280890758685
0.1	150	0.4	0.140103023494919
0.1	150	0.5	0.136609915092463
0.1	150	0.6	0.136629329935288
0.1	150	0.7	0.13661011072363
0.1	150	0.8	0.136631828717913
0.1	150	0.9	0.136629534536244
0.1	150	1	0.136632314583398
0.1	200	0.1	0.15646435396669
0.1	200	0.2	0.1566664478006
0.1	200	0.3	0.144568100948434
0.1	200	0.4	0.143059991515096
0.1	200	0.5	0.142018563315206
0.1	200	0.6	0.142017653608453
0.1	200	0.7	0.142018718918234
0.1	200	0.8	0.142009253534008
0.1	200	0.9	0.142015882848529
0.1	200	1	0.142004455198474
0.1	500	0.1	0.146450415253791
0.1	500	0.2	0.136708460765005
0.1	500	0.3	0.140929460419058
0.1	500	0.4	0.14089953230105
0.1	500	0.5	0.14088046540146
0.1	500	0.6	0.140888099490972
0.1	500	0.7	0.140880597241097
0.1	500	0.8	0.140887040782682
0.1	500	0.9	0.140891640656211
0.1	500	1	0.140878933938888
0.1	1000	0.1	0.126856340780098
0.1	1000	0.2	0.121267461217065
0.1	1000	0.3	0.126757523804909
0.1	1000	0.4	0.12676478943241
0.1	1000	0.5	0.126755089988453
0.1	1000	0.6	0.12676035105514
0.1	1000	0.7	0.126766224291568
0.1	1000	0.8	0.126763772937538
0.1	1000	0.9	0.12675729457571
0.1	1000	1	0.126766718297525
0.5	0.01	0.1	0.0277388415516549
0.5	0.01	0.2	0.0579829927726411
0.5	0.01	0.3	0.0773500409637197
0.5	0.01	0.4	0.133306461590395
0.5	0.01	0.5	0.138970200568612
0.5	0.01	0.6	0.142608285136272
0.5	0.01	0.7	0.136873179101675
0.5	0.01	0.8	0.150136374284764
0.5	0.01	0.9	0.14501807164819
0.5	0.01	1	0.141590910275927
0.5	0.1	0.1	0.0650897188245236
0.5	0.1	0.2	0.0565924891867786
0.5	0.1	0.3	0.119005506983864
0.5	0.1	0.4	0.167942327088241
0.5	0.1	0.5	0.166582093692011
0.5	0.1	0.6	0.185816910034004
0.5	0.1	0.7	0.158996903198674
0.5	0.1	0.8	0.170448112016035
0.5	0.1	0.9	0.155805420928562
0.5	0.1	1	0.163223370899107
0.5	1	0.1	0.0755111750036319
0.5	1	0.2	0.123152630230667
0.5	1	0.3	0.152107583078703
0.5	1	0.4	0.186370120047841
0.5	1	0.5	0.179418453053424
0.5	1	0.6	0.158624835162219
0.5	1	0.7	0.151690085489175
0.5	1	0.8	0.150296260916155
0.5	1	0.9	0.152318411038582
0.5	1	1	0.150549599798263
0.5	10	0.1	0.0846361834807308
0.5	10	0.2	0.169446152241266
0.5	10	0.3	0.16114226800825
0.5	10	0.4	0.174513996735663
0.5	10	0.5	0.167613589965832
0.5	10	0.6	0.14952864780488
0.5	10	0.7	0.142995079275755
0.5	10	0.8	0.144292064458922
0.5	10	0.9	0.138447491447646
0.5	10	1	0.138329453299523
0.5	20	0.1	0.119915305150313
0.5	20	0.2	0.156663124054511
0.5	20	0.3	0.159612440405782
0.5	20	0.4	0.156759212735725
0.5	20	0.5	0.148632222766137
0.5	20	0.6	0.144576908921997
0.5	20	0.7	0.146125927426289
0.5	20	0.8	0.143901723124273
0.5	20	0.9	0.143889104297239
0.5	20	1	0.143898786007392
0.5	30	0.1	0.128098537812391
0.5	30	0.2	0.155102835529722
0.5	30	0.3	0.158568743864229
0.5	30	0.4	0.155492357119993
0.5	30	0.5	0.144269433560787
0.5	30	0.6	0.141561612934015
0.5	30	0.7	0.139671584200746
0.5	30	0.8	0.139660289143668
0.5	30	0.9	0.14240114216357
0.5	30	1	0.142390218331411
0.5	40	0.1	0.147562786824441
0.5	40	0.2	0.152961853973924
0.5	40	0.3	0.156622679394757
0.5	40	0.4	0.156319419206302
0.5	40	0.5	0.139249716057278
0.5	40	0.6	0.142104360683287
0.5	40	0.7	0.144074456342828
0.5	40	0.8	0.144061812731027
0.5	40	0.9	0.14404531050496
0.5	40	1	0.14401497943669
0.5	50	0.1	0.149562175746445
0.5	50	0.2	0.15801790620432
0.5	50	0.3	0.165780824682236
0.5	50	0.4	0.147761508434473
0.5	50	0.5	0.138175533316093
0.5	50	0.6	0.136145374173943
0.5	50	0.7	0.140783333945049
0.5	50	0.8	0.140783513246506
0.5	50	0.9	0.140785043178339
0.5	50	1	0.140776755578534
0.5	60	0.1	0.154262502259042
0.5	60	0.2	0.160770167236056
0.5	60	0.3	0.169427519089162
0.5	60	0.4	0.144550559133488
0.5	60	0.5	0.134673989382544
0.5	60	0.6	0.144223054180717
0.5	60	0.7	0.143832432124114
0.5	60	0.8	0.143845036870304
0.5	60	0.9	0.14381123353036
0.5	60	1	0.143795136884597
0.5	70	0.1	0.156707789503147
0.5	70	0.2	0.159105329413536
0.5	70	0.3	0.161768995694257
0.5	70	0.4	0.144078317324551
0.5	70	0.5	0.14449185606483
0.5	70	0.6	0.147104416266866
0.5	70	0.7	0.147126526588602
0.5	70	0.8	0.147142255173122
0.5	70	0.9	0.147124652209918
0.5	70	1	0.147089044286371
0.5	80	0.1	0.158175182501855
0.5	80	0.2	0.151390573944757
0.5	80	0.3	0.159356124923509
0.5	80	0.4	0.140396077577809
0.5	80	0.5	0.147799482948634
0.5	80	0.6	0.147148752744396
0.5	80	0.7	0.147150103951738
0.5	80	0.8	0.14717013869737
0.5	80	0.9	0.147151114569005
0.5	80	1	0.147143978807184
0.5	90	0.1	0.158550502751092
0.5	90	0.2	0.150371284254054
0.5	90	0.3	0.152715447851459
0.5	90	0.4	0.143733029071938
0.5	90	0.5	0.144067513313459
0.5	90	0.6	0.14666604799208
0.5	90	0.7	0.146670799874848
0.5	90	0.8	0.146684207336506
0.5	90	0.9	0.14667387883351
0.5	90	1	0.146691855669379
0.5	100	0.1	0.154427777645269
0.5	100	0.2	0.149215923354826
0.5	100	0.3	0.148747066128717
0.5	100	0.4	0.145993260487354
0.5	100	0.5	0.14660591429018
0.5	100	0.6	0.142682734324032
0.5	100	0.7	0.142690539912654
0.5	100	0.8	0.142702912138108
0.5	100	0.9	0.142700843698083
0.5	100	1	0.142695698975464
0.5	150	0.1	0.165298961467748
0.5	150	0.2	0.156268344378503
0.5	150	0.3	0.143280890758685
0.5	150	0.4	0.140103023494919
0.5	150	0.5	0.136609915092463
0.5	150	0.6	0.136629329935288
0.5	150	0.7	0.13661011072363
0.5	150	0.8	0.136631828717913
0.5	150	0.9	0.136629534536244
0.5	150	1	0.136632314583398
0.5	200	0.1	0.15646435396669
0.5	200	0.2	0.1566664478006
0.5	200	0.3	0.144568100948434
0.5	200	0.4	0.143059991515096
0.5	200	0.5	0.142018563315206
0.5	200	0.6	0.142017653608453
0.5	200	0.7	0.142018718918234
0.5	200	0.8	0.142009253534008
0.5	200	0.9	0.142015882848529
0.5	200	1	0.142004455198474
0.5	500	0.1	0.146450415253791
0.5	500	0.2	0.136708460765005
0.5	500	0.3	0.140929460419058
0.5	500	0.4	0.14089953230105
0.5	500	0.5	0.14088046540146
0.5	500	0.6	0.140888099490972
0.5	500	0.7	0.140880597241097
0.5	500	0.8	0.140887040782682
0.5	500	0.9	0.140891640656211
0.5	500	1	0.140878933938888
0.5	1000	0.1	0.126856340780098
0.5	1000	0.2	0.121267461217065
0.5	1000	0.3	0.126757523804909
0.5	1000	0.4	0.12676478943241
0.5	1000	0.5	0.126755089988453
0.5	1000	0.6	0.12676035105514
0.5	1000	0.7	0.126766224291568
0.5	1000	0.8	0.126763772937538
0.5	1000	0.9	0.12675729457571
0.5	1000	1	0.126766718297525
1	0.01	0.1	0.0277388415516549
1	0.01	0.2	0.0579829927726411
1	0.01	0.3	0.0773500409637197
1	0.01	0.4	0.133306461590395
1	0.01	0.5	0.138970200568612
1	0.01	0.6	0.142608285136272
1	0.01	0.7	0.136873179101675
1	0.01	0.8	0.150136374284764
1	0.01	0.9	0.14501807164819
1	0.01	1	0.141590910275927
1	0.1	0.1	0.0650897188245236
1	0.1	0.2	0.0565924891867786
1	0.1	0.3	0.119005506983864
1	0.1	0.4	0.167942327088241
1	0.1	0.5	0.166582093692011
1	0.1	0.6	0.185816910034004
1	0.1	0.7	0.158996903198674
1	0.1	0.8	0.170448112016035
1	0.1	0.9	0.155805420928562
1	0.1	1	0.163223370899107
1	1	0.1	0.0755111750036319
1	1	0.2	0.123152630230667
1	1	0.3	0.152107583078703
1	1	0.4	0.186370120047841
1	1	0.5	0.179418453053424
1	1	0.6	0.158624835162219
1	1	0.7	0.151690085489175
1	1	0.8	0.150296260916155
1	1	0.9	0.152318411038582
1	1	1	0.150549599798263
1	10	0.1	0.0846361834807308
1	10	0.2	0.169446152241266
1	10	0.3	0.16114226800825
1	10	0.4	0.174513996735663
1	10	0.5	0.167613589965832
1	10	0.6	0.14952864780488
1	10	0.7	0.142995079275755
1	10	0.8	0.144292064458922
1	10	0.9	0.138447491447646
1	10	1	0.138329453299523
1	20	0.1	0.119915305150313
1	20	0.2	0.156663124054511
1	20	0.3	0.159612440405782
1	20	0.4	0.156759212735725
1	20	0.5	0.148632222766137
1	20	0.6	0.144576908921997
1	20	0.7	0.146125927426289
1	20	0.8	0.143901723124273
1	20	0.9	0.143889104297239
1	20	1	0.143898786007392
1	30	0.1	0.128098537812391
1	30	0.2	0.155102835529722
1	30	0.3	0.158568743864229
1	30	0.4	0.155492357119993
1	30	0.5	0.144269433560787
1	30	0.6	0.141561612934015
1	30	0.7	0.139671584200746
1	30	0.8	0.139660289143668
1	30	0.9	0.14240114216357
1	30	1	0.142390218331411
1	40	0.1	0.147562786824441
1	40	0.2	0.152961853973924
1	40	0.3	0.156622679394757
1	40	0.4	0.156319419206302
1	40	0.5	0.139249716057278
1	40	0.6	0.142104360683287
1	40	0.7	0.144074456342828
1	40	0.8	0.144061812731027
1	40	0.9	0.14404531050496
1	40	1	0.14401497943669
1	50	0.1	0.149562175746445
1	50	0.2	0.15801790620432
1	50	0.3	0.165780824682236
1	50	0.4	0.147761508434473
1	50	0.5	0.138175533316093
1	50	0.6	0.136145374173943
1	50	0.7	0.140783333945049
1	50	0.8	0.140783513246506
1	50	0.9	0.140785043178339
1	50	1	0.140776755578534
1	60	0.1	0.154262502259042
1	60	0.2	0.160770167236056
1	60	0.3	0.169427519089162
1	60	0.4	0.144550559133488
1	60	0.5	0.134673989382544
1	60	0.6	0.144223054180717
1	60	0.7	0.143832432124114
1	60	0.8	0.143845036870304
1	60	0.9	0.14381123353036
1	60	1	0.143795136884597
1	70	0.1	0.156707789503147
1	70	0.2	0.159105329413536
1	70	0.3	0.161768995694257
1	70	0.4	0.144078317324551
1	70	0.5	0.14449185606483
1	70	0.6	0.147104416266866
1	70	0.7	0.147126526588602
1	70	0.8	0.147142255173122
1	70	0.9	0.147124652209918
1	70	1	0.147089044286371
1	80	0.1	0.158175182501855
1	80	0.2	0.151390573944757
1	80	0.3	0.159356124923509
1	80	0.4	0.140396077577809
1	80	0.5	0.147799482948634
1	80	0.6	0.147148752744396
1	80	0.7	0.147150103951738
1	80	0.8	0.14717013869737
1	80	0.9	0.147151114569005
1	80	1	0.147143978807184
1	90	0.1	0.158550502751092
1	90	0.2	0.150371284254054
1	90	0.3	0.152715447851459
1	90	0.4	0.143733029071938
1	90	0.5	0.144067513313459
1	90	0.6	0.14666604799208
1	90	0.7	0.146670799874848
1	90	0.8	0.146684207336506
1	90	0.9	0.14667387883351
1	90	1	0.146691855669379
1	100	0.1	0.154427777645269
1	100	0.2	0.149215923354826
1	100	0.3	0.148747066128717
1	100	0.4	0.145993260487354
1	100	0.5	0.14660591429018
1	100	0.6	0.142682734324032
1	100	0.7	0.142690539912654
1	100	0.8	0.142702912138108
1	100	0.9	0.142700843698083
1	100	1	0.142695698975464
1	150	0.1	0.165298961467748
1	150	0.2	0.156268344378503
1	150	0.3	0.143280890758685
1	150	0.4	0.140103023494919
1	150	0.5	0.136609915092463
1	150	0.6	0.136629329935288
1	150	0.7	0.13661011072363
1	150	0.8	0.136631828717913
1	150	0.9	0.136629534536244
1	150	1	0.136632314583398
1	200	0.1	0.15646435396669
1	200	0.2	0.1566664478006
1	200	0.3	0.144568100948434
1	200	0.4	0.143059991515096
1	200	0.5	0.142018563315206
1	200	0.6	0.142017653608453
1	200	0.7	0.142018718918234
1	200	0.8	0.142009253534008
1	200	0.9	0.142015882848529
1	200	1	0.142004455198474
1	500	0.1	0.146450415253791
1	500	0.2	0.136708460765005
1	500	0.3	0.140929460419058
1	500	0.4	0.14089953230105
1	500	0.5	0.14088046540146
1	500	0.6	0.140888099490972
1	500	0.7	0.140880597241097
1	500	0.8	0.140887040782682
1	500	0.9	0.140891640656211
1	500	1	0.140878933938888
1	1000	0.1	0.126856340780098
1	1000	0.2	0.121267461217065
1	1000	0.3	0.126757523804909
1	1000	0.4	0.12676478943241
1	1000	0.5	0.126755089988453
1	1000	0.6	0.12676035105514
1	1000	0.7	0.126766224291568
1	1000	0.8	0.126763772937538
1	1000	0.9	0.12675729457571
1	1000	1	0.126766718297525
2	0.01	0.1	0.0277388415516549
2	0.01	0.2	0.0579829927726411
2	0.01	0.3	0.0773500409637197
2	0.01	0.4	0.133306461590395
2	0.01	0.5	0.138970200568612
2	0.01	0.6	0.142608285136272
2	0.01	0.7	0.136873179101675
2	0.01	0.8	0.150136374284764
2	0.01	0.9	0.14501807164819
2	0.01	1	0.141590910275927
2	0.1	0.1	0.0650897188245236
2	0.1	0.2	0.0565924891867786
2	0.1	0.3	0.119005506983864
2	0.1	0.4	0.167942327088241
2	0.1	0.5	0.166582093692011
2	0.1	0.6	0.185816910034004
2	0.1	0.7	0.158996903198674
2	0.1	0.8	0.170448112016035
2	0.1	0.9	0.155805420928562
2	0.1	1	0.163223370899107
2	1	0.1	0.0755111750036319
2	1	0.2	0.123152630230667
2	1	0.3	0.152107583078703
2	1	0.4	0.186370120047841
2	1	0.5	0.179418453053424
2	1	0.6	0.158624835162219
2	1	0.7	0.151690085489175
2	1	0.8	0.150296260916155
2	1	0.9	0.152318411038582
2	1	1	0.150549599798263
2	10	0.1	0.0846361834807308
2	10	0.2	0.169446152241266
2	10	0.3	0.16114226800825
2	10	0.4	0.174513996735663
2	10	0.5	0.167613589965832
2	10	0.6	0.14952864780488
2	10	0.7	0.142995079275755
2	10	0.8	0.144292064458922
2	10	0.9	0.138447491447646
2	10	1	0.138329453299523
2	20	0.1	0.119915305150313
2	20	0.2	0.156663124054511
2	20	0.3	0.159612440405782
2	20	0.4	0.156759212735725
2	20	0.5	0.148632222766137
2	20	0.6	0.144576908921997
2	20	0.7	0.146125927426289
2	20	0.8	0.143901723124273
2	20	0.9	0.143889104297239
2	20	1	0.143898786007392
2	30	0.1	0.128098537812391
2	30	0.2	0.155102835529722
2	30	0.3	0.158568743864229
2	30	0.4	0.155492357119993
2	30	0.5	0.144269433560787
2	30	0.6	0.141561612934015
2	30	0.7	0.139671584200746
2	30	0.8	0.139660289143668
2	30	0.9	0.14240114216357
2	30	1	0.142390218331411
2	40	0.1	0.147562786824441
2	40	0.2	0.152961853973924
2	40	0.3	0.156622679394757
2	40	0.4	0.156319419206302
2	40	0.5	0.139249716057278
2	40	0.6	0.142104360683287
2	40	0.7	0.144074456342828
2	40	0.8	0.144061812731027
2	40	0.9	0.14404531050496
2	40	1	0.14401497943669
2	50	0.1	0.149562175746445
2	50	0.2	0.15801790620432
2	50	0.3	0.165780824682236
2	50	0.4	0.147761508434473
2	50	0.5	0.138175533316093
2	50	0.6	0.136145374173943
2	50	0.7	0.140783333945049
2	50	0.8	0.140783513246506
2	50	0.9	0.140785043178339
2	50	1	0.140776755578534
2	60	0.1	0.154262502259042
2	60	0.2	0.160770167236056
2	60	0.3	0.169427519089162
2	60	0.4	0.144550559133488
2	60	0.5	0.134673989382544
2	60	0.6	0.144223054180717
2	60	0.7	0.143832432124114
2	60	0.8	0.143845036870304
2	60	0.9	0.14381123353036
2	60	1	0.143795136884597
2	70	0.1	0.156707789503147
2	70	0.2	0.159105329413536
2	70	0.3	0.161768995694257
2	70	0.4	0.144078317324551
2	70	0.5	0.14449185606483
2	70	0.6	0.147104416266866
2	70	0.7	0.147126526588602
2	70	0.8	0.147142255173122
2	70	0.9	0.147124652209918
2	70	1	0.147089044286371
2	80	0.1	0.158175182501855
2	80	0.2	0.151390573944757
2	80	0.3	0.159356124923509
2	80	0.4	0.140396077577809
2	80	0.5	0.147799482948634
2	80	0.6	0.147148752744396
2	80	0.7	0.147150103951738
2	80	0.8	0.14717013869737
2	80	0.9	0.147151114569005
2	80	1	0.147143978807184
2	90	0.1	0.158550502751092
2	90	0.2	0.150371284254054
2	90	0.3	0.152715447851459
2	90	0.4	0.143733029071938
2	90	0.5	0.144067513313459
2	90	0.6	0.14666604799208
2	90	0.7	0.146670799874848
2	90	0.8	0.146684207336506
2	90	0.9	0.14667387883351
2	90	1	0.146691855669379
2	100	0.1	0.154427777645269
2	100	0.2	0.149215923354826
2	100	0.3	0.148747066128717
2	100	0.4	0.145993260487354
2	100	0.5	0.14660591429018
2	100	0.6	0.142682734324032
2	100	0.7	0.142690539912654
2	100	0.8	0.142702912138108
2	100	0.9	0.142700843698083
2	100	1	0.142695698975464
2	150	0.1	0.165298961467748
2	150	0.2	0.156268344378503
2	150	0.3	0.143280890758685
2	150	0.4	0.140103023494919
2	150	0.5	0.136609915092463
2	150	0.6	0.136629329935288
2	150	0.7	0.13661011072363
2	150	0.8	0.136631828717913
2	150	0.9	0.136629534536244
2	150	1	0.136632314583398
2	200	0.1	0.15646435396669
2	200	0.2	0.1566664478006
2	200	0.3	0.144568100948434
2	200	0.4	0.143059991515096
2	200	0.5	0.142018563315206
2	200	0.6	0.142017653608453
2	200	0.7	0.142018718918234
2	200	0.8	0.142009253534008
2	200	0.9	0.142015882848529
2	200	1	0.142004455198474
2	500	0.1	0.146450415253791
2	500	0.2	0.136708460765005
2	500	0.3	0.140929460419058
2	500	0.4	0.14089953230105
2	500	0.5	0.14088046540146
2	500	0.6	0.140888099490972
2	500	0.7	0.140880597241097
2	500	0.8	0.140887040782682
2	500	0.9	0.140891640656211
2	500	1	0.140878933938888
2	1000	0.1	0.126856340780098
2	1000	0.2	0.121267461217065
2	1000	0.3	0.126757523804909
2	1000	0.4	0.12676478943241
2	1000	0.5	0.126755089988453
2	1000	0.6	0.12676035105514
2	1000	0.7	0.126766224291568
2	1000	0.8	0.126763772937538
2	1000	0.9	0.12675729457571
2	1000	1	0.126766718297525
5	0.01	0.1	0.0277388415516549
5	0.01	0.2	0.0579829927726411
5	0.01	0.3	0.0773500409637197
5	0.01	0.4	0.133306461590395
5	0.01	0.5	0.138970200568612
5	0.01	0.6	0.142608285136272
5	0.01	0.7	0.136873179101675
5	0.01	0.8	0.150136374284764
5	0.01	0.9	0.14501807164819
5	0.01	1	0.141590910275927
5	0.1	0.1	0.0650897188245236
5	0.1	0.2	0.0565924891867786
5	0.1	0.3	0.119005506983864
5	0.1	0.4	0.167942327088241
5	0.1	0.5	0.166582093692011
5	0.1	0.6	0.185816910034004
5	0.1	0.7	0.158996903198674
5	0.1	0.8	0.170448112016035
5	0.1	0.9	0.155805420928562
5	0.1	1	0.163223370899107
5	1	0.1	0.0755111750036319
5	1	0.2	0.123152630230667
5	1	0.3	0.152107583078703
5	1	0.4	0.186370120047841
5	1	0.5	0.179418453053424
5	1	0.6	0.158624835162219
5	1	0.7	0.151690085489175
5	1	0.8	0.150296260916155
5	1	0.9	0.152318411038582
5	1	1	0.150549599798263
5	10	0.1	0.0846361834807308
5	10	0.2	0.169446152241266
5	10	0.3	0.16114226800825
5	10	0.4	0.174513996735663
5	10	0.5	0.167613589965832
5	10	0.6	0.14952864780488
5	10	0.7	0.142995079275755
5	10	0.8	0.144292064458922
5	10	0.9	0.138447491447646
5	10	1	0.138329453299523
5	20	0.1	0.119915305150313
5	20	0.2	0.156663124054511
5	20	0.3	0.159612440405782
5	20	0.4	0.156759212735725
5	20	0.5	0.148632222766137
5	20	0.6	0.144576908921997
5	20	0.7	0.146125927426289
5	20	0.8	0.143901723124273
5	20	0.9	0.143889104297239
5	20	1	0.143898786007392
5	30	0.1	0.128098537812391
5	30	0.2	0.155102835529722
5	30	0.3	0.158568743864229
5	30	0.4	0.155492357119993
5	30	0.5	0.144269433560787
5	30	0.6	0.141561612934015
5	30	0.7	0.139671584200746
5	30	0.8	0.139660289143668
5	30	0.9	0.14240114216357
5	30	1	0.142390218331411
5	40	0.1	0.147562786824441
5	40	0.2	0.152961853973924
5	40	0.3	0.156622679394757
5	40	0.4	0.156319419206302
5	40	0.5	0.139249716057278
5	40	0.6	0.142104360683287
5	40	0.7	0.144074456342828
5	40	0.8	0.144061812731027
5	40	0.9	0.14404531050496
5	40	1	0.14401497943669
5	50	0.1	0.149562175746445
5	50	0.2	0.15801790620432
5	50	0.3	0.165780824682236
5	50	0.4	0.147761508434473
5	50	0.5	0.138175533316093
5	50	0.6	0.136145374173943
5	50	0.7	0.140783333945049
5	50	0.8	0.140783513246506
5	50	0.9	0.140785043178339
5	50	1	0.140776755578534
5	60	0.1	0.154262502259042
5	60	0.2	0.160770167236056
5	60	0.3	0.169427519089162
5	60	0.4	0.144550559133488
5	60	0.5	0.134673989382544
5	60	0.6	0.144223054180717
5	60	0.7	0.143832432124114
5	60	0.8	0.143845036870304
5	60	0.9	0.14381123353036
5	60	1	0.143795136884597
5	70	0.1	0.156707789503147
5	70	0.2	0.159105329413536
5	70	0.3	0.161768995694257
5	70	0.4	0.144078317324551
5	70	0.5	0.14449185606483
5	70	0.6	0.147104416266866
5	70	0.7	0.147126526588602
5	70	0.8	0.147142255173122
5	70	0.9	0.147124652209918
5	70	1	0.147089044286371
5	80	0.1	0.158175182501855
5	80	0.2	0.151390573944757
5	80	0.3	0.159356124923509
5	80	0.4	0.140396077577809
5	80	0.5	0.147799482948634
5	80	0.6	0.147148752744396
5	80	0.7	0.147150103951738
5	80	0.8	0.14717013869737
5	80	0.9	0.147151114569005
5	80	1	0.147143978807184
5	90	0.1	0.158550502751092
5	90	0.2	0.150371284254054
5	90	0.3	0.152715447851459
5	90	0.4	0.143733029071938
5	90	0.5	0.144067513313459
5	90	0.6	0.14666604799208
5	90	0.7	0.146670799874848
5	90	0.8	0.146684207336506
5	90	0.9	0.14667387883351
5	90	1	0.146691855669379
5	100	0.1	0.154427777645269
5	100	0.2	0.149215923354826
5	100	0.3	0.148747066128717
5	100	0.4	0.145993260487354
5	100	0.5	0.14660591429018
5	100	0.6	0.142682734324032
5	100	0.7	0.142690539912654
5	100	0.8	0.142702912138108
5	100	0.9	0.142700843698083
5	100	1	0.142695698975464
5	150	0.1	0.165298961467748
5	150	0.2	0.156268344378503
5	150	0.3	0.143280890758685
5	150	0.4	0.140103023494919
5	150	0.5	0.136609915092463
5	150	0.6	0.136629329935288
5	150	0.7	0.13661011072363
5	150	0.8	0.136631828717913
5	150	0.9	0.136629534536244
5	150	1	0.136632314583398
5	200	0.1	0.15646435396669
5	200	0.2	0.1566664478006
5	200	0.3	0.144568100948434
5	200	0.4	0.143059991515096
5	200	0.5	0.142018563315206
5	200	0.6	0.142017653608453
5	200	0.7	0.142018718918234
5	200	0.8	0.142009253534008
5	200	0.9	0.142015882848529
5	200	1	0.142004455198474
5	500	0.1	0.146450415253791
5	500	0.2	0.136708460765005
5	500	0.3	0.140929460419058
5	500	0.4	0.14089953230105
5	500	0.5	0.14088046540146
5	500	0.6	0.140888099490972
5	500	0.7	0.140880597241097
5	500	0.8	0.140887040782682
5	500	0.9	0.140891640656211
5	500	1	0.140878933938888
5	1000	0.1	0.126856340780098
5	1000	0.2	0.121267461217065
5	1000	0.3	0.126757523804909
5	1000	0.4	0.12676478943241
5	1000	0.5	0.126755089988453
5	1000	0.6	0.12676035105514
5	1000	0.7	0.126766224291568
5	1000	0.8	0.126763772937538
5	1000	0.9	0.12675729457571
5	1000	1	0.126766718297525
10	0.01	0.1	0.0277388415516549
10	0.01	0.2	0.0579829927726411
10	0.01	0.3	0.0773500409637197
10	0.01	0.4	0.133306461590395
10	0.01	0.5	0.138970200568612
10	0.01	0.6	0.142608285136272
10	0.01	0.7	0.136873179101675
10	0.01	0.8	0.150136374284764
10	0.01	0.9	0.14501807164819
10	0.01	1	0.141590910275927
10	0.1	0.1	0.0650897188245236
10	0.1	0.2	0.0565924891867786
10	0.1	0.3	0.119005506983864
10	0.1	0.4	0.167942327088241
10	0.1	0.5	0.166582093692011
10	0.1	0.6	0.185816910034004
10	0.1	0.7	0.158996903198674
10	0.1	0.8	0.170448112016035
10	0.1	0.9	0.155805420928562
10	0.1	1	0.163223370899107
10	1	0.1	0.0755111750036319
10	1	0.2	0.123152630230667
10	1	0.3	0.152107583078703
10	1	0.4	0.186370120047841
10	1	0.5	0.179418453053424
10	1	0.6	0.158624835162219
10	1	0.7	0.151690085489175
10	1	0.8	0.150296260916155
10	1	0.9	0.152318411038582
10	1	1	0.150549599798263
10	10	0.1	0.0846361834807308
10	10	0.2	0.169446152241266
10	10	0.3	0.16114226800825
10	10	0.4	0.174513996735663
10	10	0.5	0.167613589965832
10	10	0.6	0.14952864780488
10	10	0.7	0.142995079275755
10	10	0.8	0.144292064458922
10	10	0.9	0.138447491447646
10	10	1	0.138329453299523
10	20	0.1	0.119915305150313
10	20	0.2	0.156663124054511
10	20	0.3	0.159612440405782
10	20	0.4	0.156759212735725
10	20	0.5	0.148632222766137
10	20	0.6	0.144576908921997
10	20	0.7	0.146125927426289
10	20	0.8	0.143901723124273
10	20	0.9	0.143889104297239
10	20	1	0.143898786007392
10	30	0.1	0.128098537812391
10	30	0.2	0.155102835529722
10	30	0.3	0.158568743864229
10	30	0.4	0.155492357119993
10	30	0.5	0.144269433560787
10	30	0.6	0.141561612934015
10	30	0.7	0.139671584200746
10	30	0.8	0.139660289143668
10	30	0.9	0.14240114216357
10	30	1	0.142390218331411
10	40	0.1	0.147562786824441
10	40	0.2	0.152961853973924
10	40	0.3	0.156622679394757
10	40	0.4	0.156319419206302
10	40	0.5	0.139249716057278
10	40	0.6	0.142104360683287
10	40	0.7	0.144074456342828
10	40	0.8	0.144061812731027
10	40	0.9	0.14404531050496
10	40	1	0.14401497943669
10	50	0.1	0.149562175746445
10	50	0.2	0.15801790620432
10	50	0.3	0.165780824682236
10	50	0.4	0.147761508434473
10	50	0.5	0.138175533316093
10	50	0.6	0.136145374173943
10	50	0.7	0.140783333945049
10	50	0.8	0.140783513246506
10	50	0.9	0.140785043178339
10	50	1	0.140776755578534
10	60	0.1	0.154262502259042
10	60	0.2	0.160770167236056
10	60	0.3	0.169427519089162
10	60	0.4	0.144550559133488
10	60	0.5	0.134673989382544
10	60	0.6	0.144223054180717
10	60	0.7	0.143832432124114
10	60	0.8	0.143845036870304
10	60	0.9	0.14381123353036
10	60	1	0.143795136884597
10	70	0.1	0.156707789503147
10	70	0.2	0.159105329413536
10	70	0.3	0.161768995694257
10	70	0.4	0.144078317324551
10	70	0.5	0.14449185606483
10	70	0.6	0.147104416266866
10	70	0.7	0.147126526588602
10	70	0.8	0.147142255173122
10	70	0.9	0.147124652209918
10	70	1	0.147089044286371
10	80	0.1	0.158175182501855
10	80	0.2	0.151390573944757
10	80	0.3	0.159356124923509
10	80	0.4	0.140396077577809
10	80	0.5	0.147799482948634
10	80	0.6	0.147148752744396
10	80	0.7	0.147150103951738
10	80	0.8	0.14717013869737
10	80	0.9	0.147151114569005
10	80	1	0.147143978807184
10	90	0.1	0.158550502751092
10	90	0.2	0.150371284254054
10	90	0.3	0.152715447851459
10	90	0.4	0.143733029071938
10	90	0.5	0.144067513313459
10	90	0.6	0.14666604799208
10	90	0.7	0.146670799874848
10	90	0.8	0.146684207336506
10	90	0.9	0.14667387883351
10	90	1	0.146691855669379
10	100	0.1	0.154427777645269
10	100	0.2	0.149215923354826
10	100	0.3	0.148747066128717
10	100	0.4	0.145993260487354
10	100	0.5	0.14660591429018
10	100	0.6	0.142682734324032
10	100	0.7	0.142690539912654
10	100	0.8	0.142702912138108
10	100	0.9	0.142700843698083
10	100	1	0.142695698975464
10	150	0.1	0.165298961467748
10	150	0.2	0.156268344378503
10	150	0.3	0.143280890758685
10	150	0.4	0.140103023494919
10	150	0.5	0.136609915092463
10	150	0.6	0.136629329935288
10	150	0.7	0.13661011072363
10	150	0.8	0.136631828717913
10	150	0.9	0.136629534536244
10	150	1	0.136632314583398
10	200	0.1	0.15646435396669
10	200	0.2	0.1566664478006
10	200	0.3	0.144568100948434
10	200	0.4	0.143059991515096
10	200	0.5	0.142018563315206
10	200	0.6	0.142017653608453
10	200	0.7	0.142018718918234
10	200	0.8	0.142009253534008
10	200	0.9	0.142015882848529
10	200	1	0.142004455198474
10	500	0.1	0.146450415253791
10	500	0.2	0.136708460765005
10	500	0.3	0.140929460419058
10	500	0.4	0.14089953230105
10	500	0.5	0.14088046540146
10	500	0.6	0.140888099490972
10	500	0.7	0.140880597241097
10	500	0.8	0.140887040782682
10	500	0.9	0.140891640656211
10	500	1	0.140878933938888
10	1000	0.1	0.126856340780098
10	1000	0.2	0.121267461217065
10	1000	0.3	0.126757523804909
10	1000	0.4	0.12676478943241
10	1000	0.5	0.126755089988453
10	1000	0.6	0.12676035105514
10	1000	0.7	0.126766224291568
10	1000	0.8	0.126763772937538
10	1000	0.9	0.12675729457571
10	1000	1	0.126766718297525
20	0.01	0.1	0.0277388415516549
20	0.01	0.2	0.0579829927726411
20	0.01	0.3	0.0773500409637197
20	0.01	0.4	0.133306461590395
20	0.01	0.5	0.138970200568612
20	0.01	0.6	0.142608285136272
20	0.01	0.7	0.136873179101675
20	0.01	0.8	0.150136374284764
20	0.01	0.9	0.14501807164819
20	0.01	1	0.141590910275927
20	0.1	0.1	0.0650897188245236
20	0.1	0.2	0.0565924891867786
20	0.1	0.3	0.119005506983864
20	0.1	0.4	0.167942327088241
20	0.1	0.5	0.166582093692011
20	0.1	0.6	0.185816910034004
20	0.1	0.7	0.158996903198674
20	0.1	0.8	0.170448112016035
20	0.1	0.9	0.155805420928562
20	0.1	1	0.163223370899107
20	1	0.1	0.0755111750036319
20	1	0.2	0.123152630230667
20	1	0.3	0.152107583078703
20	1	0.4	0.186370120047841
20	1	0.5	0.179418453053424
20	1	0.6	0.158624835162219
20	1	0.7	0.151690085489175
20	1	0.8	0.150296260916155
20	1	0.9	0.152318411038582
20	1	1	0.150549599798263
20	10	0.1	0.0846361834807308
20	10	0.2	0.169446152241266
20	10	0.3	0.16114226800825
20	10	0.4	0.174513996735663
20	10	0.5	0.167613589965832
20	10	0.6	0.14952864780488
20	10	0.7	0.142995079275755
20	10	0.8	0.144292064458922
20	10	0.9	0.138447491447646
20	10	1	0.138329453299523
20	20	0.1	0.119915305150313
20	20	0.2	0.156663124054511
20	20	0.3	0.159612440405782
20	20	0.4	0.156759212735725
20	20	0.5	0.148632222766137
20	20	0.6	0.144576908921997
20	20	0.7	0.146125927426289
20	20	0.8	0.143901723124273
20	20	0.9	0.143889104297239
20	20	1	0.143898786007392
20	30	0.1	0.128098537812391
20	30	0.2	0.155102835529722
20	30	0.3	0.158568743864229
20	30	0.4	0.155492357119993
20	30	0.5	0.144269433560787
20	30	0.6	0.141561612934015
20	30	0.7	0.139671584200746
20	30	0.8	0.139660289143668
20	30	0.9	0.14240114216357
20	30	1	0.142390218331411
20	40	0.1	0.147562786824441
20	40	0.2	0.152961853973924
20	40	0.3	0.156622679394757
20	40	0.4	0.156319419206302
20	40	0.5	0.139249716057278
20	40	0.6	0.142104360683287
20	40	0.7	0.144074456342828
20	40	0.8	0.144061812731027
20	40	0.9	0.14404531050496
20	40	1	0.14401497943669
20	50	0.1	0.149562175746445
20	50	0.2	0.15801790620432
20	50	0.3	0.165780824682236
20	50	0.4	0.147761508434473
20	50	0.5	0.138175533316093
20	50	0.6	0.136145374173943
20	50	0.7	0.140783333945049
20	50	0.8	0.140783513246506
20	50	0.9	0.140785043178339
20	50	1	0.140776755578534
20	60	0.1	0.154262502259042
20	60	0.2	0.160770167236056
20	60	0.3	0.169427519089162
20	60	0.4	0.144550559133488
20	60	0.5	0.134673989382544
20	60	0.6	0.144223054180717
20	60	0.7	0.143832432124114
20	60	0.8	0.143845036870304
20	60	0.9	0.14381123353036
20	60	1	0.143795136884597
20	70	0.1	0.156707789503147
20	70	0.2	0.159105329413536
20	70	0.3	0.161768995694257
20	70	0.4	0.144078317324551
20	70	0.5	0.14449185606483
20	70	0.6	0.147104416266866
20	70	0.7	0.147126526588602
20	70	0.8	0.147142255173122
20	70	0.9	0.147124652209918
20	70	1	0.147089044286371
20	80	0.1	0.158175182501855
20	80	0.2	0.151390573944757
20	80	0.3	0.159356124923509
20	80	0.4	0.140396077577809
20	80	0.5	0.147799482948634
20	80	0.6	0.147148752744396
20	80	0.7	0.147150103951738
20	80	0.8	0.14717013869737
20	80	0.9	0.147151114569005
20	80	1	0.147143978807184
20	90	0.1	0.158550502751092
20	90	0.2	0.150371284254054
20	90	0.3	0.152715447851459
20	90	0.4	0.143733029071938
20	90	0.5	0.144067513313459
20	90	0.6	0.14666604799208
20	90	0.7	0.146670799874848
20	90	0.8	0.146684207336506
20	90	0.9	0.14667387883351
20	90	1	0.146691855669379
20	100	0.1	0.154427777645269
20	100	0.2	0.149215923354826
20	100	0.3	0.148747066128717
20	100	0.4	0.145993260487354
20	100	0.5	0.14660591429018
20	100	0.6	0.142682734324032
20	100	0.7	0.142690539912654
20	100	0.8	0.142702912138108
20	100	0.9	0.142700843698083
20	100	1	0.142695698975464
20	150	0.1	0.165298961467748
20	150	0.2	0.156268344378503
20	150	0.3	0.143280890758685
20	150	0.4	0.140103023494919
20	150	0.5	0.136609915092463
20	150	0.6	0.136629329935288
20	150	0.7	0.13661011072363
20	150	0.8	0.136631828717913
20	150	0.9	0.136629534536244
20	150	1	0.136632314583398
20	200	0.1	0.15646435396669
20	200	0.2	0.1566664478006
20	200	0.3	0.144568100948434
20	200	0.4	0.143059991515096
20	200	0.5	0.142018563315206
20	200	0.6	0.142017653608453
20	200	0.7	0.142018718918234
20	200	0.8	0.142009253534008
20	200	0.9	0.142015882848529
20	200	1	0.142004455198474
20	500	0.1	0.146450415253791
20	500	0.2	0.136708460765005
20	500	0.3	0.140929460419058
20	500	0.4	0.14089953230105
20	500	0.5	0.14088046540146
20	500	0.6	0.140888099490972
20	500	0.7	0.140880597241097
20	500	0.8	0.140887040782682
20	500	0.9	0.140891640656211
20	500	1	0.140878933938888
20	1000	0.1	0.126856340780098
20	1000	0.2	0.121267461217065
20	1000	0.3	0.126757523804909
20	1000	0.4	0.12676478943241
20	1000	0.5	0.126755089988453
20	1000	0.6	0.12676035105514
20	1000	0.7	0.126766224291568
20	1000	0.8	0.126763772937538
20	1000	0.9	0.12675729457571
20	1000	1	0.126766718297525
