0.001	0.01	0.1	0.115333785932709
0.001	0.01	0.2	0.102705110267731
0.001	0.01	0.3	0.136588146229547
0.001	0.01	0.4	0.147330857018175
0.001	0.01	0.5	0.131524206004406
0.001	0.01	0.6	0.13172549010855
0.001	0.01	0.7	0.148503664861292
0.001	0.01	0.8	0.137050957673154
0.001	0.01	0.9	0.139218209892946
0.001	0.01	1	0.152988071678726
0.001	0.1	0.1	0.144257137810183
0.001	0.1	0.2	0.0998035154805804
0.001	0.1	0.3	0.134668875076268
0.001	0.1	0.4	0.160251954176018
0.001	0.1	0.5	0.151687156345293
0.001	0.1	0.6	0.159822895063437
0.001	0.1	0.7	0.169243805382688
0.001	0.1	0.8	0.180743162316595
0.001	0.1	0.9	0.203459242622922
0.001	0.1	1	0.186389327321857
0.001	1	0.1	0.151166373998021
0.001	1	0.2	0.172314804250333
0.001	1	0.3	0.18045991471365
0.001	1	0.4	0.205201252573324
0.001	1	0.5	0.204378157098483
0.001	1	0.6	0.201659230606595
0.001	1	0.7	0.185621231911469
0.001	1	0.8	0.185593647059931
0.001	1	0.9	0.185616149994039
0.001	1	1	0.185600262579768
0.001	10	0.1	0.21747874413602
0.001	10	0.2	0.210389418346764
0.001	10	0.3	0.210382965667139
0.001	10	0.4	0.210395880065282
0.001	10	0.5	0.210391437508498
0.001	10	0.6	0.210378724137797
0.001	10	0.7	0.210368606200085
0.001	10	0.8	0.210367905708804
0.001	10	0.9	0.210364983837597
0.001	10	1	0.210408936428222
0.001	20	0.1	0.20997236138453
0.001	20	0.2	0.21066308428391
0.001	20	0.3	0.210646340273948
0.001	20	0.4	0.210653840126365
0.001	20	0.5	0.210661327458326
0.001	20	0.6	0.210667100195271
0.001	20	0.7	0.210635705160671
0.001	20	0.8	0.210634533711328
0.001	20	0.9	0.210640678582469
0.001	20	1	0.210655944120174
0.001	30	0.1	0.205994492420172
0.001	30	0.2	0.210847235961056
0.001	30	0.3	0.210841150791238
0.001	30	0.4	0.210837555291021
0.001	30	0.5	0.210843237165163
0.001	30	0.6	0.210831211876022
0.001	30	0.7	0.210825065590304
0.001	30	0.8	0.210824779705165
0.001	30	0.9	0.210822484665719
0.001	30	1	0.210846113876161
0.001	40	0.1	0.20842947176948
0.001	40	0.2	0.210838754451816
0.001	40	0.3	0.210852387691595
0.001	40	0.4	0.210839915856156
0.001	40	0.5	0.210847092848367
0.001	40	0.6	0.210851166761632
0.001	40	0.7	0.210840535288064
0.001	40	0.8	0.210825603508591
0.001	40	0.9	0.210828289203398
0.001	40	1	0.210853384953552
0.001	50	0.1	0.210904591495652
0.001	50	0.2	0.210841316625328
0.001	50	0.3	0.210841409042849
0.001	50	0.4	0.210843244097842
0.001	50	0.5	0.210840908365711
0.001	50	0.6	0.210839924525488
0.001	50	0.7	0.21083916261726
0.001	50	0.8	0.210823389771527
0.001	50	0.9	0.210825109263943
0.001	50	1	0.210852225804337
0.001	60	0.1	0.210862907906029
0.001	60	0.2	0.210860370149038
0.001	60	0.3	0.210837917727676
0.001	60	0.4	0.210852379337714
0.001	60	0.5	0.210860684600982
0.001	60	0.6	0.21083637780319
0.001	60	0.7	0.210836447340994
0.001	60	0.8	0.210821322577352
0.001	60	0.9	0.210834004380671
0.001	60	1	0.210866108599433
0.001	70	0.1	0.210863397096452
0.001	70	0.2	0.210847524829326
0.001	70	0.3	0.210838563078906
0.001	70	0.4	0.210838785226739
0.001	70	0.5	0.210834972863151
0.001	70	0.6	0.210839133914779
0.001	70	0.7	0.210829158886851
0.001	70	0.8	0.21083171981408
0.001	70	0.9	0.210820730165026
0.001	70	1	0.210860078956794
0.001	80	0.1	0.210849001349866
0.001	80	0.2	0.210842775521553
0.001	80	0.3	0.21084966594919
0.001	80	0.4	0.210848977295871
0.001	80	0.5	0.210835313782916
0.001	80	0.6	0.210836162412295
0.001	80	0.7	0.210826449763871
0.001	80	0.8	0.210828645020686
0.001	80	0.9	0.210824412406642
0.001	80	1	0.210846676651317
0.001	90	0.1	0.210852332438124
0.001	90	0.2	0.210838697850746
0.001	90	0.3	0.210826771847175
0.001	90	0.4	0.210841822990136
0.001	90	0.5	0.210838082339698
0.001	90	0.6	0.210840911836957
0.001	90	0.7	0.21083038654588
0.001	90	0.8	0.210821341342729
0.001	90	0.9	0.210823653829947
0.001	90	1	0.210835989342345
0.001	100	0.1	0.210848128812759
0.001	100	0.2	0.210864257684179
0.001	100	0.3	0.210846461057817
0.001	100	0.4	0.210849734300732
0.001	100	0.5	0.210842460343932
0.001	100	0.6	0.210844012798717
0.001	100	0.7	0.210821133000814
0.001	100	0.8	0.210827968723323
0.001	100	0.9	0.210835660210476
0.001	100	1	0.210838346935769
0.001	150	0.1	0.210847221987494
0.001	150	0.2	0.210836384276867
0.001	150	0.3	0.210841464931115
0.001	150	0.4	0.210842871520294
0.001	150	0.5	0.21084396051864
0.001	150	0.6	0.210837797366511
0.001	150	0.7	0.210828659937249
0.001	150	0.8	0.210828480445458
0.001	150	0.9	0.210833267302917
0.001	150	1	0.210845393713103
0.001	200	0.1	0.210844464231412
0.001	200	0.2	0.21083933456329
0.001	200	0.3	0.210828779859237
0.001	200	0.4	0.210850630479156
0.001	200	0.5	0.210841897532971
0.001	200	0.6	0.21083917703582
0.001	200	0.7	0.210832703558867
0.001	200	0.8	0.210836276444246
0.001	200	0.9	0.210833221797582
0.001	200	1	0.210858455487378
0.001	500	0.1	0.210849270942193
0.001	500	0.2	0.210840800806869
0.001	500	0.3	0.210849995707068
0.001	500	0.4	0.21083645000055
0.001	500	0.5	0.210849990028134
0.001	500	0.6	0.210839865142753
0.001	500	0.7	0.210824871742493
0.001	500	0.8	0.21082691769397
0.001	500	0.9	0.210816784115341
0.001	500	1	0.21085572724413
0.001	1000	0.1	0.210851233878165
0.001	1000	0.2	0.210844352514619
0.001	1000	0.3	0.210831581677999
0.001	1000	0.4	0.210847825555504
0.001	1000	0.5	0.210837097517797
0.001	1000	0.6	0.210839557581714
0.001	1000	0.7	0.210838549175714
0.001	1000	0.8	0.210824119665145
0.001	1000	0.9	0.21083262102497
0.001	1000	1	0.210849961665154
0.005	0.01	0.1	0.115333785932709
0.005	0.01	0.2	0.102705110267731
0.005	0.01	0.3	0.136588146229547
0.005	0.01	0.4	0.147330857018175
0.005	0.01	0.5	0.131524206004406
0.005	0.01	0.6	0.13172549010855
0.005	0.01	0.7	0.148503664861292
0.005	0.01	0.8	0.137050957673154
0.005	0.01	0.9	0.139218209892946
0.005	0.01	1	0.152988071678726
0.005	0.1	0.1	0.144257137810183
0.005	0.1	0.2	0.0998035154805804
0.005	0.1	0.3	0.134668875076268
0.005	0.1	0.4	0.160251954176018
0.005	0.1	0.5	0.151687156345293
0.005	0.1	0.6	0.159822895063437
0.005	0.1	0.7	0.169243805382688
0.005	0.1	0.8	0.180743162316595
0.005	0.1	0.9	0.203459242622922
0.005	0.1	1	0.186389327321857
0.005	1	0.1	0.151166373998021
0.005	1	0.2	0.172314804250333
0.005	1	0.3	0.18045991471365
0.005	1	0.4	0.205201252573324
0.005	1	0.5	0.204378157098483
0.005	1	0.6	0.201659230606595
0.005	1	0.7	0.185621231911469
0.005	1	0.8	0.185593647059931
0.005	1	0.9	0.185616149994039
0.005	1	1	0.185600262579768
0.005	10	0.1	0.21747874413602
0.005	10	0.2	0.210389418346764
0.005	10	0.3	0.210382965667139
0.005	10	0.4	0.210395880065282
0.005	10	0.5	0.210391437508498
0.005	10	0.6	0.210378724137797
0.005	10	0.7	0.210368606200085
0.005	10	0.8	0.210367905708804
0.005	10	0.9	0.210364983837597
0.005	10	1	0.210408936428222
0.005	20	0.1	0.20997236138453
0.005	20	0.2	0.21066308428391
0.005	20	0.3	0.210646340273948
0.005	20	0.4	0.210653840126365
0.005	20	0.5	0.210661327458326
0.005	20	0.6	0.210667100195271
0.005	20	0.7	0.210635705160671
0.005	20	0.8	0.210634533711328
0.005	20	0.9	0.210640678582469
0.005	20	1	0.210655944120174
0.005	30	0.1	0.205994492420172
0.005	30	0.2	0.210847235961056
0.005	30	0.3	0.210841150791238
0.005	30	0.4	0.210837555291021
0.005	30	0.5	0.210843237165163
0.005	30	0.6	0.210831211876022
0.005	30	0.7	0.210825065590304
0.005	30	0.8	0.210824779705165
0.005	30	0.9	0.210822484665719
0.005	30	1	0.210846113876161
0.005	40	0.1	0.20842947176948
0.005	40	0.2	0.210838754451816
0.005	40	0.3	0.210852387691595
0.005	40	0.4	0.210839915856156
0.005	40	0.5	0.210847092848367
0.005	40	0.6	0.210851166761632
0.005	40	0.7	0.210840535288064
0.005	40	0.8	0.210825603508591
0.005	40	0.9	0.210828289203398
0.005	40	1	0.210853384953552
0.005	50	0.1	0.210904591495652
0.005	50	0.2	0.210841316625328
0.005	50	0.3	0.210841409042849
0.005	50	0.4	0.210843244097842
0.005	50	0.5	0.210840908365711
0.005	50	0.6	0.210839924525488
0.005	50	0.7	0.21083916261726
0.005	50	0.8	0.210823389771527
0.005	50	0.9	0.210825109263943
0.005	50	1	0.210852225804337
0.005	60	0.1	0.210862907906029
0.005	60	0.2	0.210860370149038
0.005	60	0.3	0.210837917727676
0.005	60	0.4	0.210852379337714
0.005	60	0.5	0.210860684600982
0.005	60	0.6	0.21083637780319
0.005	60	0.7	0.210836447340994
0.005	60	0.8	0.210821322577352
0.005	60	0.9	0.210834004380671
0.005	60	1	0.210866108599433
0.005	70	0.1	0.210863397096452
0.005	70	0.2	0.210847524829326
0.005	70	0.3	0.210838563078906
0.005	70	0.4	0.210838785226739
0.005	70	0.5	0.210834972863151
0.005	70	0.6	0.210839133914779
0.005	70	0.7	0.210829158886851
0.005	70	0.8	0.21083171981408
0.005	70	0.9	0.210820730165026
0.005	70	1	0.210860078956794
0.005	80	0.1	0.210849001349866
0.005	80	0.2	0.210842775521553
0.005	80	0.3	0.21084966594919
0.005	80	0.4	0.210848977295871
0.005	80	0.5	0.210835313782916
0.005	80	0.6	0.210836162412295
0.005	80	0.7	0.210826449763871
0.005	80	0.8	0.210828645020686
0.005	80	0.9	0.210824412406642
0.005	80	1	0.210846676651317
0.005	90	0.1	0.210852332438124
0.005	90	0.2	0.210838697850746
0.005	90	0.3	0.210826771847175
0.005	90	0.4	0.210841822990136
0.005	90	0.5	0.210838082339698
0.005	90	0.6	0.210840911836957
0.005	90	0.7	0.21083038654588
0.005	90	0.8	0.210821341342729
0.005	90	0.9	0.210823653829947
0.005	90	1	0.210835989342345
0.005	100	0.1	0.210848128812759
0.005	100	0.2	0.210864257684179
0.005	100	0.3	0.210846461057817
0.005	100	0.4	0.210849734300732
0.005	100	0.5	0.210842460343932
0.005	100	0.6	0.210844012798717
0.005	100	0.7	0.210821133000814
0.005	100	0.8	0.210827968723323
0.005	100	0.9	0.210835660210476
0.005	100	1	0.210838346935769
0.005	150	0.1	0.210847221987494
0.005	150	0.2	0.210836384276867
0.005	150	0.3	0.210841464931115
0.005	150	0.4	0.210842871520294
0.005	150	0.5	0.21084396051864
0.005	150	0.6	0.210837797366511
0.005	150	0.7	0.210828659937249
0.005	150	0.8	0.210828480445458
0.005	150	0.9	0.210833267302917
0.005	150	1	0.210845393713103
0.005	200	0.1	0.210844464231412
0.005	200	0.2	0.21083933456329
0.005	200	0.3	0.210828779859237
0.005	200	0.4	0.210850630479156
0.005	200	0.5	0.210841897532971
0.005	200	0.6	0.21083917703582
0.005	200	0.7	0.210832703558867
0.005	200	0.8	0.210836276444246
0.005	200	0.9	0.210833221797582
0.005	200	1	0.210858455487378
0.005	500	0.1	0.210849270942193
0.005	500	0.2	0.210840800806869
0.005	500	0.3	0.210849995707068
0.005	500	0.4	0.21083645000055
0.005	500	0.5	0.210849990028134
0.005	500	0.6	0.210839865142753
0.005	500	0.7	0.210824871742493
0.005	500	0.8	0.21082691769397
0.005	500	0.9	0.210816784115341
0.005	500	1	0.21085572724413
0.005	1000	0.1	0.210851233878165
0.005	1000	0.2	0.210844352514619
0.005	1000	0.3	0.210831581677999
0.005	1000	0.4	0.210847825555504
0.005	1000	0.5	0.210837097517797
0.005	1000	0.6	0.210839557581714
0.005	1000	0.7	0.210838549175714
0.005	1000	0.8	0.210824119665145
0.005	1000	0.9	0.21083262102497
0.005	1000	1	0.210849961665154
0.01	0.01	0.1	0.115333785932709
0.01	0.01	0.2	0.102705110267731
0.01	0.01	0.3	0.136588146229547
0.01	0.01	0.4	0.147330857018175
0.01	0.01	0.5	0.131524206004406
0.01	0.01	0.6	0.13172549010855
0.01	0.01	0.7	0.148503664861292
0.01	0.01	0.8	0.137050957673154
0.01	0.01	0.9	0.139218209892946
0.01	0.01	1	0.152988071678726
0.01	0.1	0.1	0.144257137810183
0.01	0.1	0.2	0.0998035154805804
0.01	0.1	0.3	0.134668875076268
0.01	0.1	0.4	0.160251954176018
0.01	0.1	0.5	0.151687156345293
0.01	0.1	0.6	0.159822895063437
0.01	0.1	0.7	0.169243805382688
0.01	0.1	0.8	0.180743162316595
0.01	0.1	0.9	0.203459242622922
0.01	0.1	1	0.186389327321857
0.01	1	0.1	0.151166373998021
0.01	1	0.2	0.172314804250333
0.01	1	0.3	0.18045991471365
0.01	1	0.4	0.205201252573324
0.01	1	0.5	0.204378157098483
0.01	1	0.6	0.201659230606595
0.01	1	0.7	0.185621231911469
0.01	1	0.8	0.185593647059931
0.01	1	0.9	0.185616149994039
0.01	1	1	0.185600262579768
0.01	10	0.1	0.21747874413602
0.01	10	0.2	0.210389418346764
0.01	10	0.3	0.210382965667139
0.01	10	0.4	0.210395880065282
0.01	10	0.5	0.210391437508498
0.01	10	0.6	0.210378724137797
0.01	10	0.7	0.210368606200085
0.01	10	0.8	0.210367905708804
0.01	10	0.9	0.210364983837597
0.01	10	1	0.210408936428222
0.01	20	0.1	0.20997236138453
0.01	20	0.2	0.21066308428391
0.01	20	0.3	0.210646340273948
0.01	20	0.4	0.210653840126365
0.01	20	0.5	0.210661327458326
0.01	20	0.6	0.210667100195271
0.01	20	0.7	0.210635705160671
0.01	20	0.8	0.210634533711328
0.01	20	0.9	0.210640678582469
0.01	20	1	0.210655944120174
0.01	30	0.1	0.205994492420172
0.01	30	0.2	0.210847235961056
0.01	30	0.3	0.210841150791238
0.01	30	0.4	0.210837555291021
0.01	30	0.5	0.210843237165163
0.01	30	0.6	0.210831211876022
0.01	30	0.7	0.210825065590304
0.01	30	0.8	0.210824779705165
0.01	30	0.9	0.210822484665719
0.01	30	1	0.210846113876161
0.01	40	0.1	0.20842947176948
0.01	40	0.2	0.210838754451816
0.01	40	0.3	0.210852387691595
0.01	40	0.4	0.210839915856156
0.01	40	0.5	0.210847092848367
0.01	40	0.6	0.210851166761632
0.01	40	0.7	0.210840535288064
0.01	40	0.8	0.210825603508591
0.01	40	0.9	0.210828289203398
0.01	40	1	0.210853384953552
0.01	50	0.1	0.210904591495652
0.01	50	0.2	0.210841316625328
0.01	50	0.3	0.210841409042849
0.01	50	0.4	0.210843244097842
0.01	50	0.5	0.210840908365711
0.01	50	0.6	0.210839924525488
0.01	50	0.7	0.21083916261726
0.01	50	0.8	0.210823389771527
0.01	50	0.9	0.210825109263943
0.01	50	1	0.210852225804337
0.01	60	0.1	0.210862907906029
0.01	60	0.2	0.210860370149038
0.01	60	0.3	0.210837917727676
0.01	60	0.4	0.210852379337714
0.01	60	0.5	0.210860684600982
0.01	60	0.6	0.21083637780319
0.01	60	0.7	0.210836447340994
0.01	60	0.8	0.210821322577352
0.01	60	0.9	0.210834004380671
0.01	60	1	0.210866108599433
0.01	70	0.1	0.210863397096452
0.01	70	0.2	0.210847524829326
0.01	70	0.3	0.210838563078906
0.01	70	0.4	0.210838785226739
0.01	70	0.5	0.210834972863151
0.01	70	0.6	0.210839133914779
0.01	70	0.7	0.210829158886851
0.01	70	0.8	0.21083171981408
0.01	70	0.9	0.210820730165026
0.01	70	1	0.210860078956794
0.01	80	0.1	0.210849001349866
0.01	80	0.2	0.210842775521553
0.01	80	0.3	0.21084966594919
0.01	80	0.4	0.210848977295871
0.01	80	0.5	0.210835313782916
0.01	80	0.6	0.210836162412295
0.01	80	0.7	0.210826449763871
0.01	80	0.8	0.210828645020686
0.01	80	0.9	0.210824412406642
0.01	80	1	0.210846676651317
0.01	90	0.1	0.210852332438124
0.01	90	0.2	0.210838697850746
0.01	90	0.3	0.210826771847175
0.01	90	0.4	0.210841822990136
0.01	90	0.5	0.210838082339698
0.01	90	0.6	0.210840911836957
0.01	90	0.7	0.21083038654588
0.01	90	0.8	0.210821341342729
0.01	90	0.9	0.210823653829947
0.01	90	1	0.210835989342345
0.01	100	0.1	0.210848128812759
0.01	100	0.2	0.210864257684179
0.01	100	0.3	0.210846461057817
0.01	100	0.4	0.210849734300732
0.01	100	0.5	0.210842460343932
0.01	100	0.6	0.210844012798717
0.01	100	0.7	0.210821133000814
0.01	100	0.8	0.210827968723323
0.01	100	0.9	0.210835660210476
0.01	100	1	0.210838346935769
0.01	150	0.1	0.210847221987494
0.01	150	0.2	0.210836384276867
0.01	150	0.3	0.210841464931115
0.01	150	0.4	0.210842871520294
0.01	150	0.5	0.21084396051864
0.01	150	0.6	0.210837797366511
0.01	150	0.7	0.210828659937249
0.01	150	0.8	0.210828480445458
0.01	150	0.9	0.210833267302917
0.01	150	1	0.210845393713103
0.01	200	0.1	0.210844464231412
0.01	200	0.2	0.21083933456329
0.01	200	0.3	0.210828779859237
0.01	200	0.4	0.210850630479156
0.01	200	0.5	0.210841897532971
0.01	200	0.6	0.21083917703582
0.01	200	0.7	0.210832703558867
0.01	200	0.8	0.210836276444246
0.01	200	0.9	0.210833221797582
0.01	200	1	0.210858455487378
0.01	500	0.1	0.210849270942193
0.01	500	0.2	0.210840800806869
0.01	500	0.3	0.210849995707068
0.01	500	0.4	0.21083645000055
0.01	500	0.5	0.210849990028134
0.01	500	0.6	0.210839865142753
0.01	500	0.7	0.210824871742493
0.01	500	0.8	0.21082691769397
0.01	500	0.9	0.210816784115341
0.01	500	1	0.21085572724413
0.01	1000	0.1	0.210851233878165
0.01	1000	0.2	0.210844352514619
0.01	1000	0.3	0.210831581677999
0.01	1000	0.4	0.210847825555504
0.01	1000	0.5	0.210837097517797
0.01	1000	0.6	0.210839557581714
0.01	1000	0.7	0.210838549175714
0.01	1000	0.8	0.210824119665145
0.01	1000	0.9	0.21083262102497
0.01	1000	1	0.210849961665154
0.05	0.01	0.1	0.115333785932709
0.05	0.01	0.2	0.102705110267731
0.05	0.01	0.3	0.136588146229547
0.05	0.01	0.4	0.147330857018175
0.05	0.01	0.5	0.131524206004406
0.05	0.01	0.6	0.13172549010855
0.05	0.01	0.7	0.148503664861292
0.05	0.01	0.8	0.137050957673154
0.05	0.01	0.9	0.139218209892946
0.05	0.01	1	0.152988071678726
0.05	0.1	0.1	0.144257137810183
0.05	0.1	0.2	0.0998035154805804
0.05	0.1	0.3	0.134668875076268
0.05	0.1	0.4	0.160251954176018
0.05	0.1	0.5	0.151687156345293
0.05	0.1	0.6	0.159822895063437
0.05	0.1	0.7	0.169243805382688
0.05	0.1	0.8	0.180743162316595
0.05	0.1	0.9	0.203459242622922
0.05	0.1	1	0.186389327321857
0.05	1	0.1	0.151166373998021
0.05	1	0.2	0.172314804250333
0.05	1	0.3	0.18045991471365
0.05	1	0.4	0.205201252573324
0.05	1	0.5	0.204378157098483
0.05	1	0.6	0.201659230606595
0.05	1	0.7	0.185621231911469
0.05	1	0.8	0.185593647059931
0.05	1	0.9	0.185616149994039
0.05	1	1	0.185600262579768
0.05	10	0.1	0.21747874413602
0.05	10	0.2	0.210389418346764
0.05	10	0.3	0.210382965667139
0.05	10	0.4	0.210395880065282
0.05	10	0.5	0.210391437508498
0.05	10	0.6	0.210378724137797
0.05	10	0.7	0.210368606200085
0.05	10	0.8	0.210367905708804
0.05	10	0.9	0.210364983837597
0.05	10	1	0.210408936428222
0.05	20	0.1	0.20997236138453
0.05	20	0.2	0.21066308428391
0.05	20	0.3	0.210646340273948
0.05	20	0.4	0.210653840126365
0.05	20	0.5	0.210661327458326
0.05	20	0.6	0.210667100195271
0.05	20	0.7	0.210635705160671
0.05	20	0.8	0.210634533711328
0.05	20	0.9	0.210640678582469
0.05	20	1	0.210655944120174
0.05	30	0.1	0.205994492420172
0.05	30	0.2	0.210847235961056
0.05	30	0.3	0.210841150791238
0.05	30	0.4	0.210837555291021
0.05	30	0.5	0.210843237165163
0.05	30	0.6	0.210831211876022
0.05	30	0.7	0.210825065590304
0.05	30	0.8	0.210824779705165
0.05	30	0.9	0.210822484665719
0.05	30	1	0.210846113876161
0.05	40	0.1	0.20842947176948
0.05	40	0.2	0.210838754451816
0.05	40	0.3	0.210852387691595
0.05	40	0.4	0.210839915856156
0.05	40	0.5	0.210847092848367
0.05	40	0.6	0.210851166761632
0.05	40	0.7	0.210840535288064
0.05	40	0.8	0.210825603508591
0.05	40	0.9	0.210828289203398
0.05	40	1	0.210853384953552
0.05	50	0.1	0.210904591495652
0.05	50	0.2	0.210841316625328
0.05	50	0.3	0.210841409042849
0.05	50	0.4	0.210843244097842
0.05	50	0.5	0.210840908365711
0.05	50	0.6	0.210839924525488
0.05	50	0.7	0.21083916261726
0.05	50	0.8	0.210823389771527
0.05	50	0.9	0.210825109263943
0.05	50	1	0.210852225804337
0.05	60	0.1	0.210862907906029
0.05	60	0.2	0.210860370149038
0.05	60	0.3	0.210837917727676
0.05	60	0.4	0.210852379337714
0.05	60	0.5	0.210860684600982
0.05	60	0.6	0.21083637780319
0.05	60	0.7	0.210836447340994
0.05	60	0.8	0.210821322577352
0.05	60	0.9	0.210834004380671
0.05	60	1	0.210866108599433
0.05	70	0.1	0.210863397096452
0.05	70	0.2	0.210847524829326
0.05	70	0.3	0.210838563078906
0.05	70	0.4	0.210838785226739
0.05	70	0.5	0.210834972863151
0.05	70	0.6	0.210839133914779
0.05	70	0.7	0.210829158886851
0.05	70	0.8	0.21083171981408
0.05	70	0.9	0.210820730165026
0.05	70	1	0.210860078956794
0.05	80	0.1	0.210849001349866
0.05	80	0.2	0.210842775521553
0.05	80	0.3	0.21084966594919
0.05	80	0.4	0.210848977295871
0.05	80	0.5	0.210835313782916
0.05	80	0.6	0.210836162412295
0.05	80	0.7	0.210826449763871
0.05	80	0.8	0.210828645020686
0.05	80	0.9	0.210824412406642
0.05	80	1	0.210846676651317
0.05	90	0.1	0.210852332438124
0.05	90	0.2	0.210838697850746
0.05	90	0.3	0.210826771847175
0.05	90	0.4	0.210841822990136
0.05	90	0.5	0.210838082339698
0.05	90	0.6	0.210840911836957
0.05	90	0.7	0.21083038654588
0.05	90	0.8	0.210821341342729
0.05	90	0.9	0.210823653829947
0.05	90	1	0.210835989342345
0.05	100	0.1	0.210848128812759
0.05	100	0.2	0.210864257684179
0.05	100	0.3	0.210846461057817
0.05	100	0.4	0.210849734300732
0.05	100	0.5	0.210842460343932
0.05	100	0.6	0.210844012798717
0.05	100	0.7	0.210821133000814
0.05	100	0.8	0.210827968723323
0.05	100	0.9	0.210835660210476
0.05	100	1	0.210838346935769
0.05	150	0.1	0.210847221987494
0.05	150	0.2	0.210836384276867
0.05	150	0.3	0.210841464931115
0.05	150	0.4	0.210842871520294
0.05	150	0.5	0.21084396051864
0.05	150	0.6	0.210837797366511
0.05	150	0.7	0.210828659937249
0.05	150	0.8	0.210828480445458
0.05	150	0.9	0.210833267302917
0.05	150	1	0.210845393713103
0.05	200	0.1	0.210844464231412
0.05	200	0.2	0.21083933456329
0.05	200	0.3	0.210828779859237
0.05	200	0.4	0.210850630479156
0.05	200	0.5	0.210841897532971
0.05	200	0.6	0.21083917703582
0.05	200	0.7	0.210832703558867
0.05	200	0.8	0.210836276444246
0.05	200	0.9	0.210833221797582
0.05	200	1	0.210858455487378
0.05	500	0.1	0.210849270942193
0.05	500	0.2	0.210840800806869
0.05	500	0.3	0.210849995707068
0.05	500	0.4	0.21083645000055
0.05	500	0.5	0.210849990028134
0.05	500	0.6	0.210839865142753
0.05	500	0.7	0.210824871742493
0.05	500	0.8	0.21082691769397
0.05	500	0.9	0.210816784115341
0.05	500	1	0.21085572724413
0.05	1000	0.1	0.210851233878165
0.05	1000	0.2	0.210844352514619
0.05	1000	0.3	0.210831581677999
0.05	1000	0.4	0.210847825555504
0.05	1000	0.5	0.210837097517797
0.05	1000	0.6	0.210839557581714
0.05	1000	0.7	0.210838549175714
0.05	1000	0.8	0.210824119665145
0.05	1000	0.9	0.21083262102497
0.05	1000	1	0.210849961665154
0.1	0.01	0.1	0.115333785932709
0.1	0.01	0.2	0.102705110267731
0.1	0.01	0.3	0.136588146229547
0.1	0.01	0.4	0.147330857018175
0.1	0.01	0.5	0.131524206004406
0.1	0.01	0.6	0.13172549010855
0.1	0.01	0.7	0.148503664861292
0.1	0.01	0.8	0.137050957673154
0.1	0.01	0.9	0.139218209892946
0.1	0.01	1	0.152988071678726
0.1	0.1	0.1	0.144257137810183
0.1	0.1	0.2	0.0998035154805804
0.1	0.1	0.3	0.134668875076268
0.1	0.1	0.4	0.160251954176018
0.1	0.1	0.5	0.151687156345293
0.1	0.1	0.6	0.159822895063437
0.1	0.1	0.7	0.169243805382688
0.1	0.1	0.8	0.180743162316595
0.1	0.1	0.9	0.203459242622922
0.1	0.1	1	0.186389327321857
0.1	1	0.1	0.151166373998021
0.1	1	0.2	0.172314804250333
0.1	1	0.3	0.18045991471365
0.1	1	0.4	0.205201252573324
0.1	1	0.5	0.204378157098483
0.1	1	0.6	0.201659230606595
0.1	1	0.7	0.185621231911469
0.1	1	0.8	0.185593647059931
0.1	1	0.9	0.185616149994039
0.1	1	1	0.185600262579768
0.1	10	0.1	0.21747874413602
0.1	10	0.2	0.210389418346764
0.1	10	0.3	0.210382965667139
0.1	10	0.4	0.210395880065282
0.1	10	0.5	0.210391437508498
0.1	10	0.6	0.210378724137797
0.1	10	0.7	0.210368606200085
0.1	10	0.8	0.210367905708804
0.1	10	0.9	0.210364983837597
0.1	10	1	0.210408936428222
0.1	20	0.1	0.20997236138453
0.1	20	0.2	0.21066308428391
0.1	20	0.3	0.210646340273948
0.1	20	0.4	0.210653840126365
0.1	20	0.5	0.210661327458326
0.1	20	0.6	0.210667100195271
0.1	20	0.7	0.210635705160671
0.1	20	0.8	0.210634533711328
0.1	20	0.9	0.210640678582469
0.1	20	1	0.210655944120174
0.1	30	0.1	0.205994492420172
0.1	30	0.2	0.210847235961056
0.1	30	0.3	0.210841150791238
0.1	30	0.4	0.210837555291021
0.1	30	0.5	0.210843237165163
0.1	30	0.6	0.210831211876022
0.1	30	0.7	0.210825065590304
0.1	30	0.8	0.210824779705165
0.1	30	0.9	0.210822484665719
0.1	30	1	0.210846113876161
0.1	40	0.1	0.20842947176948
0.1	40	0.2	0.210838754451816
0.1	40	0.3	0.210852387691595
0.1	40	0.4	0.210839915856156
0.1	40	0.5	0.210847092848367
0.1	40	0.6	0.210851166761632
0.1	40	0.7	0.210840535288064
0.1	40	0.8	0.210825603508591
0.1	40	0.9	0.210828289203398
0.1	40	1	0.210853384953552
0.1	50	0.1	0.210904591495652
0.1	50	0.2	0.210841316625328
0.1	50	0.3	0.210841409042849
0.1	50	0.4	0.210843244097842
0.1	50	0.5	0.210840908365711
0.1	50	0.6	0.210839924525488
0.1	50	0.7	0.21083916261726
0.1	50	0.8	0.210823389771527
0.1	50	0.9	0.210825109263943
0.1	50	1	0.210852225804337
0.1	60	0.1	0.210862907906029
0.1	60	0.2	0.210860370149038
0.1	60	0.3	0.210837917727676
0.1	60	0.4	0.210852379337714
0.1	60	0.5	0.210860684600982
0.1	60	0.6	0.21083637780319
0.1	60	0.7	0.210836447340994
0.1	60	0.8	0.210821322577352
0.1	60	0.9	0.210834004380671
0.1	60	1	0.210866108599433
0.1	70	0.1	0.210863397096452
0.1	70	0.2	0.210847524829326
0.1	70	0.3	0.210838563078906
0.1	70	0.4	0.210838785226739
0.1	70	0.5	0.210834972863151
0.1	70	0.6	0.210839133914779
0.1	70	0.7	0.210829158886851
0.1	70	0.8	0.21083171981408
0.1	70	0.9	0.210820730165026
0.1	70	1	0.210860078956794
0.1	80	0.1	0.210849001349866
0.1	80	0.2	0.210842775521553
0.1	80	0.3	0.21084966594919
0.1	80	0.4	0.210848977295871
0.1	80	0.5	0.210835313782916
0.1	80	0.6	0.210836162412295
0.1	80	0.7	0.210826449763871
0.1	80	0.8	0.210828645020686
0.1	80	0.9	0.210824412406642
0.1	80	1	0.210846676651317
0.1	90	0.1	0.210852332438124
0.1	90	0.2	0.210838697850746
0.1	90	0.3	0.210826771847175
0.1	90	0.4	0.210841822990136
0.1	90	0.5	0.210838082339698
0.1	90	0.6	0.210840911836957
0.1	90	0.7	0.21083038654588
0.1	90	0.8	0.210821341342729
0.1	90	0.9	0.210823653829947
0.1	90	1	0.210835989342345
0.1	100	0.1	0.210848128812759
0.1	100	0.2	0.210864257684179
0.1	100	0.3	0.210846461057817
0.1	100	0.4	0.210849734300732
0.1	100	0.5	0.210842460343932
0.1	100	0.6	0.210844012798717
0.1	100	0.7	0.210821133000814
0.1	100	0.8	0.210827968723323
0.1	100	0.9	0.210835660210476
0.1	100	1	0.210838346935769
0.1	150	0.1	0.210847221987494
0.1	150	0.2	0.210836384276867
0.1	150	0.3	0.210841464931115
0.1	150	0.4	0.210842871520294
0.1	150	0.5	0.21084396051864
0.1	150	0.6	0.210837797366511
0.1	150	0.7	0.210828659937249
0.1	150	0.8	0.210828480445458
0.1	150	0.9	0.210833267302917
0.1	150	1	0.210845393713103
0.1	200	0.1	0.210844464231412
0.1	200	0.2	0.21083933456329
0.1	200	0.3	0.210828779859237
0.1	200	0.4	0.210850630479156
0.1	200	0.5	0.210841897532971
0.1	200	0.6	0.21083917703582
0.1	200	0.7	0.210832703558867
0.1	200	0.8	0.210836276444246
0.1	200	0.9	0.210833221797582
0.1	200	1	0.210858455487378
0.1	500	0.1	0.210849270942193
0.1	500	0.2	0.210840800806869
0.1	500	0.3	0.210849995707068
0.1	500	0.4	0.21083645000055
0.1	500	0.5	0.210849990028134
0.1	500	0.6	0.210839865142753
0.1	500	0.7	0.210824871742493
0.1	500	0.8	0.21082691769397
0.1	500	0.9	0.210816784115341
0.1	500	1	0.21085572724413
0.1	1000	0.1	0.210851233878165
0.1	1000	0.2	0.210844352514619
0.1	1000	0.3	0.210831581677999
0.1	1000	0.4	0.210847825555504
0.1	1000	0.5	0.210837097517797
0.1	1000	0.6	0.210839557581714
0.1	1000	0.7	0.210838549175714
0.1	1000	0.8	0.210824119665145
0.1	1000	0.9	0.21083262102497
0.1	1000	1	0.210849961665154
0.5	0.01	0.1	0.115333785932709
0.5	0.01	0.2	0.102705110267731
0.5	0.01	0.3	0.136588146229547
0.5	0.01	0.4	0.147330857018175
0.5	0.01	0.5	0.131524206004406
0.5	0.01	0.6	0.13172549010855
0.5	0.01	0.7	0.148503664861292
0.5	0.01	0.8	0.137050957673154
0.5	0.01	0.9	0.139218209892946
0.5	0.01	1	0.152988071678726
0.5	0.1	0.1	0.144257137810183
0.5	0.1	0.2	0.0998035154805804
0.5	0.1	0.3	0.134668875076268
0.5	0.1	0.4	0.160251954176018
0.5	0.1	0.5	0.151687156345293
0.5	0.1	0.6	0.159822895063437
0.5	0.1	0.7	0.169243805382688
0.5	0.1	0.8	0.180743162316595
0.5	0.1	0.9	0.203459242622922
0.5	0.1	1	0.186389327321857
0.5	1	0.1	0.151166373998021
0.5	1	0.2	0.172314804250333
0.5	1	0.3	0.18045991471365
0.5	1	0.4	0.205201252573324
0.5	1	0.5	0.204378157098483
0.5	1	0.6	0.201659230606595
0.5	1	0.7	0.185621231911469
0.5	1	0.8	0.185593647059931
0.5	1	0.9	0.185616149994039
0.5	1	1	0.185600262579768
0.5	10	0.1	0.21747874413602
0.5	10	0.2	0.210389418346764
0.5	10	0.3	0.210382965667139
0.5	10	0.4	0.210395880065282
0.5	10	0.5	0.210391437508498
0.5	10	0.6	0.210378724137797
0.5	10	0.7	0.210368606200085
0.5	10	0.8	0.210367905708804
0.5	10	0.9	0.210364983837597
0.5	10	1	0.210408936428222
0.5	20	0.1	0.20997236138453
0.5	20	0.2	0.21066308428391
0.5	20	0.3	0.210646340273948
0.5	20	0.4	0.210653840126365
0.5	20	0.5	0.210661327458326
0.5	20	0.6	0.210667100195271
0.5	20	0.7	0.210635705160671
0.5	20	0.8	0.210634533711328
0.5	20	0.9	0.210640678582469
0.5	20	1	0.210655944120174
0.5	30	0.1	0.205994492420172
0.5	30	0.2	0.210847235961056
0.5	30	0.3	0.210841150791238
0.5	30	0.4	0.210837555291021
0.5	30	0.5	0.210843237165163
0.5	30	0.6	0.210831211876022
0.5	30	0.7	0.210825065590304
0.5	30	0.8	0.210824779705165
0.5	30	0.9	0.210822484665719
0.5	30	1	0.210846113876161
0.5	40	0.1	0.20842947176948
0.5	40	0.2	0.210838754451816
0.5	40	0.3	0.210852387691595
0.5	40	0.4	0.210839915856156
0.5	40	0.5	0.210847092848367
0.5	40	0.6	0.210851166761632
0.5	40	0.7	0.210840535288064
0.5	40	0.8	0.210825603508591
0.5	40	0.9	0.210828289203398
0.5	40	1	0.210853384953552
0.5	50	0.1	0.210904591495652
0.5	50	0.2	0.210841316625328
0.5	50	0.3	0.210841409042849
0.5	50	0.4	0.210843244097842
0.5	50	0.5	0.210840908365711
0.5	50	0.6	0.210839924525488
0.5	50	0.7	0.21083916261726
0.5	50	0.8	0.210823389771527
0.5	50	0.9	0.210825109263943
0.5	50	1	0.210852225804337
0.5	60	0.1	0.210862907906029
0.5	60	0.2	0.210860370149038
0.5	60	0.3	0.210837917727676
0.5	60	0.4	0.210852379337714
0.5	60	0.5	0.210860684600982
0.5	60	0.6	0.21083637780319
0.5	60	0.7	0.210836447340994
0.5	60	0.8	0.210821322577352
0.5	60	0.9	0.210834004380671
0.5	60	1	0.210866108599433
0.5	70	0.1	0.210863397096452
0.5	70	0.2	0.210847524829326
0.5	70	0.3	0.210838563078906
0.5	70	0.4	0.210838785226739
0.5	70	0.5	0.210834972863151
0.5	70	0.6	0.210839133914779
0.5	70	0.7	0.210829158886851
0.5	70	0.8	0.21083171981408
0.5	70	0.9	0.210820730165026
0.5	70	1	0.210860078956794
0.5	80	0.1	0.210849001349866
0.5	80	0.2	0.210842775521553
0.5	80	0.3	0.21084966594919
0.5	80	0.4	0.210848977295871
0.5	80	0.5	0.210835313782916
0.5	80	0.6	0.210836162412295
0.5	80	0.7	0.210826449763871
0.5	80	0.8	0.210828645020686
0.5	80	0.9	0.210824412406642
0.5	80	1	0.210846676651317
0.5	90	0.1	0.210852332438124
0.5	90	0.2	0.210838697850746
0.5	90	0.3	0.210826771847175
0.5	90	0.4	0.210841822990136
0.5	90	0.5	0.210838082339698
0.5	90	0.6	0.210840911836957
0.5	90	0.7	0.21083038654588
0.5	90	0.8	0.210821341342729
0.5	90	0.9	0.210823653829947
0.5	90	1	0.210835989342345
0.5	100	0.1	0.210848128812759
0.5	100	0.2	0.210864257684179
0.5	100	0.3	0.210846461057817
0.5	100	0.4	0.210849734300732
0.5	100	0.5	0.210842460343932
0.5	100	0.6	0.210844012798717
0.5	100	0.7	0.210821133000814
0.5	100	0.8	0.210827968723323
0.5	100	0.9	0.210835660210476
0.5	100	1	0.210838346935769
0.5	150	0.1	0.210847221987494
0.5	150	0.2	0.210836384276867
0.5	150	0.3	0.210841464931115
0.5	150	0.4	0.210842871520294
0.5	150	0.5	0.21084396051864
0.5	150	0.6	0.210837797366511
0.5	150	0.7	0.210828659937249
0.5	150	0.8	0.210828480445458
0.5	150	0.9	0.210833267302917
0.5	150	1	0.210845393713103
0.5	200	0.1	0.210844464231412
0.5	200	0.2	0.21083933456329
0.5	200	0.3	0.210828779859237
0.5	200	0.4	0.210850630479156
0.5	200	0.5	0.210841897532971
0.5	200	0.6	0.21083917703582
0.5	200	0.7	0.210832703558867
0.5	200	0.8	0.210836276444246
0.5	200	0.9	0.210833221797582
0.5	200	1	0.210858455487378
0.5	500	0.1	0.210849270942193
0.5	500	0.2	0.210840800806869
0.5	500	0.3	0.210849995707068
0.5	500	0.4	0.21083645000055
0.5	500	0.5	0.210849990028134
0.5	500	0.6	0.210839865142753
0.5	500	0.7	0.210824871742493
0.5	500	0.8	0.21082691769397
0.5	500	0.9	0.210816784115341
0.5	500	1	0.21085572724413
0.5	1000	0.1	0.210851233878165
0.5	1000	0.2	0.210844352514619
0.5	1000	0.3	0.210831581677999
0.5	1000	0.4	0.210847825555504
0.5	1000	0.5	0.210837097517797
0.5	1000	0.6	0.210839557581714
0.5	1000	0.7	0.210838549175714
0.5	1000	0.8	0.210824119665145
0.5	1000	0.9	0.21083262102497
0.5	1000	1	0.210849961665154
1	0.01	0.1	0.115333785932709
1	0.01	0.2	0.102705110267731
1	0.01	0.3	0.136588146229547
1	0.01	0.4	0.147330857018175
1	0.01	0.5	0.131524206004406
1	0.01	0.6	0.13172549010855
1	0.01	0.7	0.148503664861292
1	0.01	0.8	0.137050957673154
1	0.01	0.9	0.139218209892946
1	0.01	1	0.152988071678726
1	0.1	0.1	0.144257137810183
1	0.1	0.2	0.0998035154805804
1	0.1	0.3	0.134668875076268
1	0.1	0.4	0.160251954176018
1	0.1	0.5	0.151687156345293
1	0.1	0.6	0.159822895063437
1	0.1	0.7	0.169243805382688
1	0.1	0.8	0.180743162316595
1	0.1	0.9	0.203459242622922
1	0.1	1	0.186389327321857
1	1	0.1	0.151166373998021
1	1	0.2	0.172314804250333
1	1	0.3	0.18045991471365
1	1	0.4	0.205201252573324
1	1	0.5	0.204378157098483
1	1	0.6	0.201659230606595
1	1	0.7	0.185621231911469
1	1	0.8	0.185593647059931
1	1	0.9	0.185616149994039
1	1	1	0.185600262579768
1	10	0.1	0.21747874413602
1	10	0.2	0.210389418346764
1	10	0.3	0.210382965667139
1	10	0.4	0.210395880065282
1	10	0.5	0.210391437508498
1	10	0.6	0.210378724137797
1	10	0.7	0.210368606200085
1	10	0.8	0.210367905708804
1	10	0.9	0.210364983837597
1	10	1	0.210408936428222
1	20	0.1	0.20997236138453
1	20	0.2	0.21066308428391
1	20	0.3	0.210646340273948
1	20	0.4	0.210653840126365
1	20	0.5	0.210661327458326
1	20	0.6	0.210667100195271
1	20	0.7	0.210635705160671
1	20	0.8	0.210634533711328
1	20	0.9	0.210640678582469
1	20	1	0.210655944120174
1	30	0.1	0.205994492420172
1	30	0.2	0.210847235961056
1	30	0.3	0.210841150791238
1	30	0.4	0.210837555291021
1	30	0.5	0.210843237165163
1	30	0.6	0.210831211876022
1	30	0.7	0.210825065590304
1	30	0.8	0.210824779705165
1	30	0.9	0.210822484665719
1	30	1	0.210846113876161
1	40	0.1	0.20842947176948
1	40	0.2	0.210838754451816
1	40	0.3	0.210852387691595
1	40	0.4	0.210839915856156
1	40	0.5	0.210847092848367
1	40	0.6	0.210851166761632
1	40	0.7	0.210840535288064
1	40	0.8	0.210825603508591
1	40	0.9	0.210828289203398
1	40	1	0.210853384953552
1	50	0.1	0.210904591495652
1	50	0.2	0.210841316625328
1	50	0.3	0.210841409042849
1	50	0.4	0.210843244097842
1	50	0.5	0.210840908365711
1	50	0.6	0.210839924525488
1	50	0.7	0.21083916261726
1	50	0.8	0.210823389771527
1	50	0.9	0.210825109263943
1	50	1	0.210852225804337
1	60	0.1	0.210862907906029
1	60	0.2	0.210860370149038
1	60	0.3	0.210837917727676
1	60	0.4	0.210852379337714
1	60	0.5	0.210860684600982
1	60	0.6	0.21083637780319
1	60	0.7	0.210836447340994
1	60	0.8	0.210821322577352
1	60	0.9	0.210834004380671
1	60	1	0.210866108599433
1	70	0.1	0.210863397096452
1	70	0.2	0.210847524829326
1	70	0.3	0.210838563078906
1	70	0.4	0.210838785226739
1	70	0.5	0.210834972863151
1	70	0.6	0.210839133914779
1	70	0.7	0.210829158886851
1	70	0.8	0.21083171981408
1	70	0.9	0.210820730165026
1	70	1	0.210860078956794
1	80	0.1	0.210849001349866
1	80	0.2	0.210842775521553
1	80	0.3	0.21084966594919
1	80	0.4	0.210848977295871
1	80	0.5	0.210835313782916
1	80	0.6	0.210836162412295
1	80	0.7	0.210826449763871
1	80	0.8	0.210828645020686
1	80	0.9	0.210824412406642
1	80	1	0.210846676651317
1	90	0.1	0.210852332438124
1	90	0.2	0.210838697850746
1	90	0.3	0.210826771847175
1	90	0.4	0.210841822990136
1	90	0.5	0.210838082339698
1	90	0.6	0.210840911836957
1	90	0.7	0.21083038654588
1	90	0.8	0.210821341342729
1	90	0.9	0.210823653829947
1	90	1	0.210835989342345
1	100	0.1	0.210848128812759
1	100	0.2	0.210864257684179
1	100	0.3	0.210846461057817
1	100	0.4	0.210849734300732
1	100	0.5	0.210842460343932
1	100	0.6	0.210844012798717
1	100	0.7	0.210821133000814
1	100	0.8	0.210827968723323
1	100	0.9	0.210835660210476
1	100	1	0.210838346935769
1	150	0.1	0.210847221987494
1	150	0.2	0.210836384276867
1	150	0.3	0.210841464931115
1	150	0.4	0.210842871520294
1	150	0.5	0.21084396051864
1	150	0.6	0.210837797366511
1	150	0.7	0.210828659937249
1	150	0.8	0.210828480445458
1	150	0.9	0.210833267302917
1	150	1	0.210845393713103
1	200	0.1	0.210844464231412
1	200	0.2	0.21083933456329
1	200	0.3	0.210828779859237
1	200	0.4	0.210850630479156
1	200	0.5	0.210841897532971
1	200	0.6	0.21083917703582
1	200	0.7	0.210832703558867
1	200	0.8	0.210836276444246
1	200	0.9	0.210833221797582
1	200	1	0.210858455487378
1	500	0.1	0.210849270942193
1	500	0.2	0.210840800806869
1	500	0.3	0.210849995707068
1	500	0.4	0.21083645000055
1	500	0.5	0.210849990028134
1	500	0.6	0.210839865142753
1	500	0.7	0.210824871742493
1	500	0.8	0.21082691769397
1	500	0.9	0.210816784115341
1	500	1	0.21085572724413
1	1000	0.1	0.210851233878165
1	1000	0.2	0.210844352514619
1	1000	0.3	0.210831581677999
1	1000	0.4	0.210847825555504
1	1000	0.5	0.210837097517797
1	1000	0.6	0.210839557581714
1	1000	0.7	0.210838549175714
1	1000	0.8	0.210824119665145
1	1000	0.9	0.21083262102497
1	1000	1	0.210849961665154
2	0.01	0.1	0.115333785932709
2	0.01	0.2	0.102705110267731
2	0.01	0.3	0.136588146229547
2	0.01	0.4	0.147330857018175
2	0.01	0.5	0.131524206004406
2	0.01	0.6	0.13172549010855
2	0.01	0.7	0.148503664861292
2	0.01	0.8	0.137050957673154
2	0.01	0.9	0.139218209892946
2	0.01	1	0.152988071678726
2	0.1	0.1	0.144257137810183
2	0.1	0.2	0.0998035154805804
2	0.1	0.3	0.134668875076268
2	0.1	0.4	0.160251954176018
2	0.1	0.5	0.151687156345293
2	0.1	0.6	0.159822895063437
2	0.1	0.7	0.169243805382688
2	0.1	0.8	0.180743162316595
2	0.1	0.9	0.203459242622922
2	0.1	1	0.186389327321857
2	1	0.1	0.151166373998021
2	1	0.2	0.172314804250333
2	1	0.3	0.18045991471365
2	1	0.4	0.205201252573324
2	1	0.5	0.204378157098483
2	1	0.6	0.201659230606595
2	1	0.7	0.185621231911469
2	1	0.8	0.185593647059931
2	1	0.9	0.185616149994039
2	1	1	0.185600262579768
2	10	0.1	0.21747874413602
2	10	0.2	0.210389418346764
2	10	0.3	0.210382965667139
2	10	0.4	0.210395880065282
2	10	0.5	0.210391437508498
2	10	0.6	0.210378724137797
2	10	0.7	0.210368606200085
2	10	0.8	0.210367905708804
2	10	0.9	0.210364983837597
2	10	1	0.210408936428222
2	20	0.1	0.20997236138453
2	20	0.2	0.21066308428391
2	20	0.3	0.210646340273948
2	20	0.4	0.210653840126365
2	20	0.5	0.210661327458326
2	20	0.6	0.210667100195271
2	20	0.7	0.210635705160671
2	20	0.8	0.210634533711328
2	20	0.9	0.210640678582469
2	20	1	0.210655944120174
2	30	0.1	0.205994492420172
2	30	0.2	0.210847235961056
2	30	0.3	0.210841150791238
2	30	0.4	0.210837555291021
2	30	0.5	0.210843237165163
2	30	0.6	0.210831211876022
2	30	0.7	0.210825065590304
2	30	0.8	0.210824779705165
2	30	0.9	0.210822484665719
2	30	1	0.210846113876161
2	40	0.1	0.20842947176948
2	40	0.2	0.210838754451816
2	40	0.3	0.210852387691595
2	40	0.4	0.210839915856156
2	40	0.5	0.210847092848367
2	40	0.6	0.210851166761632
2	40	0.7	0.210840535288064
2	40	0.8	0.210825603508591
2	40	0.9	0.210828289203398
2	40	1	0.210853384953552
2	50	0.1	0.210904591495652
2	50	0.2	0.210841316625328
2	50	0.3	0.210841409042849
2	50	0.4	0.210843244097842
2	50	0.5	0.210840908365711
2	50	0.6	0.210839924525488
2	50	0.7	0.21083916261726
2	50	0.8	0.210823389771527
2	50	0.9	0.210825109263943
2	50	1	0.210852225804337
2	60	0.1	0.210862907906029
2	60	0.2	0.210860370149038
2	60	0.3	0.210837917727676
2	60	0.4	0.210852379337714
2	60	0.5	0.210860684600982
2	60	0.6	0.21083637780319
2	60	0.7	0.210836447340994
2	60	0.8	0.210821322577352
2	60	0.9	0.210834004380671
2	60	1	0.210866108599433
2	70	0.1	0.210863397096452
2	70	0.2	0.210847524829326
2	70	0.3	0.210838563078906
2	70	0.4	0.210838785226739
2	70	0.5	0.210834972863151
2	70	0.6	0.210839133914779
2	70	0.7	0.210829158886851
2	70	0.8	0.21083171981408
2	70	0.9	0.210820730165026
2	70	1	0.210860078956794
2	80	0.1	0.210849001349866
2	80	0.2	0.210842775521553
2	80	0.3	0.21084966594919
2	80	0.4	0.210848977295871
2	80	0.5	0.210835313782916
2	80	0.6	0.210836162412295
2	80	0.7	0.210826449763871
2	80	0.8	0.210828645020686
2	80	0.9	0.210824412406642
2	80	1	0.210846676651317
2	90	0.1	0.210852332438124
2	90	0.2	0.210838697850746
2	90	0.3	0.210826771847175
2	90	0.4	0.210841822990136
2	90	0.5	0.210838082339698
2	90	0.6	0.210840911836957
2	90	0.7	0.21083038654588
2	90	0.8	0.210821341342729
2	90	0.9	0.210823653829947
2	90	1	0.210835989342345
2	100	0.1	0.210848128812759
2	100	0.2	0.210864257684179
2	100	0.3	0.210846461057817
2	100	0.4	0.210849734300732
2	100	0.5	0.210842460343932
2	100	0.6	0.210844012798717
2	100	0.7	0.210821133000814
2	100	0.8	0.210827968723323
2	100	0.9	0.210835660210476
2	100	1	0.210838346935769
2	150	0.1	0.210847221987494
2	150	0.2	0.210836384276867
2	150	0.3	0.210841464931115
2	150	0.4	0.210842871520294
2	150	0.5	0.21084396051864
2	150	0.6	0.210837797366511
2	150	0.7	0.210828659937249
2	150	0.8	0.210828480445458
2	150	0.9	0.210833267302917
2	150	1	0.210845393713103
2	200	0.1	0.210844464231412
2	200	0.2	0.21083933456329
2	200	0.3	0.210828779859237
2	200	0.4	0.210850630479156
2	200	0.5	0.210841897532971
2	200	0.6	0.21083917703582
2	200	0.7	0.210832703558867
2	200	0.8	0.210836276444246
2	200	0.9	0.210833221797582
2	200	1	0.210858455487378
2	500	0.1	0.210849270942193
2	500	0.2	0.210840800806869
2	500	0.3	0.210849995707068
2	500	0.4	0.21083645000055
2	500	0.5	0.210849990028134
2	500	0.6	0.210839865142753
2	500	0.7	0.210824871742493
2	500	0.8	0.21082691769397
2	500	0.9	0.210816784115341
2	500	1	0.21085572724413
2	1000	0.1	0.210851233878165
2	1000	0.2	0.210844352514619
2	1000	0.3	0.210831581677999
2	1000	0.4	0.210847825555504
2	1000	0.5	0.210837097517797
2	1000	0.6	0.210839557581714
2	1000	0.7	0.210838549175714
2	1000	0.8	0.210824119665145
2	1000	0.9	0.21083262102497
2	1000	1	0.210849961665154
5	0.01	0.1	0.115333785932709
5	0.01	0.2	0.102705110267731
5	0.01	0.3	0.136588146229547
5	0.01	0.4	0.147330857018175
5	0.01	0.5	0.131524206004406
5	0.01	0.6	0.13172549010855
5	0.01	0.7	0.148503664861292
5	0.01	0.8	0.137050957673154
5	0.01	0.9	0.139218209892946
5	0.01	1	0.152988071678726
5	0.1	0.1	0.144257137810183
5	0.1	0.2	0.0998035154805804
5	0.1	0.3	0.134668875076268
5	0.1	0.4	0.160251954176018
5	0.1	0.5	0.151687156345293
5	0.1	0.6	0.159822895063437
5	0.1	0.7	0.169243805382688
5	0.1	0.8	0.180743162316595
5	0.1	0.9	0.203459242622922
5	0.1	1	0.186389327321857
5	1	0.1	0.151166373998021
5	1	0.2	0.172314804250333
5	1	0.3	0.18045991471365
5	1	0.4	0.205201252573324
5	1	0.5	0.204378157098483
5	1	0.6	0.201659230606595
5	1	0.7	0.185621231911469
5	1	0.8	0.185593647059931
5	1	0.9	0.185616149994039
5	1	1	0.185600262579768
5	10	0.1	0.21747874413602
5	10	0.2	0.210389418346764
5	10	0.3	0.210382965667139
5	10	0.4	0.210395880065282
5	10	0.5	0.210391437508498
5	10	0.6	0.210378724137797
5	10	0.7	0.210368606200085
5	10	0.8	0.210367905708804
5	10	0.9	0.210364983837597
5	10	1	0.210408936428222
5	20	0.1	0.20997236138453
5	20	0.2	0.21066308428391
5	20	0.3	0.210646340273948
5	20	0.4	0.210653840126365
5	20	0.5	0.210661327458326
5	20	0.6	0.210667100195271
5	20	0.7	0.210635705160671
5	20	0.8	0.210634533711328
5	20	0.9	0.210640678582469
5	20	1	0.210655944120174
5	30	0.1	0.205994492420172
5	30	0.2	0.210847235961056
5	30	0.3	0.210841150791238
5	30	0.4	0.210837555291021
5	30	0.5	0.210843237165163
5	30	0.6	0.210831211876022
5	30	0.7	0.210825065590304
5	30	0.8	0.210824779705165
5	30	0.9	0.210822484665719
5	30	1	0.210846113876161
5	40	0.1	0.20842947176948
5	40	0.2	0.210838754451816
5	40	0.3	0.210852387691595
5	40	0.4	0.210839915856156
5	40	0.5	0.210847092848367
5	40	0.6	0.210851166761632
5	40	0.7	0.210840535288064
5	40	0.8	0.210825603508591
5	40	0.9	0.210828289203398
5	40	1	0.210853384953552
5	50	0.1	0.210904591495652
5	50	0.2	0.210841316625328
5	50	0.3	0.210841409042849
5	50	0.4	0.210843244097842
5	50	0.5	0.210840908365711
5	50	0.6	0.210839924525488
5	50	0.7	0.21083916261726
5	50	0.8	0.210823389771527
5	50	0.9	0.210825109263943
5	50	1	0.210852225804337
5	60	0.1	0.210862907906029
5	60	0.2	0.210860370149038
5	60	0.3	0.210837917727676
5	60	0.4	0.210852379337714
5	60	0.5	0.210860684600982
5	60	0.6	0.21083637780319
5	60	0.7	0.210836447340994
5	60	0.8	0.210821322577352
5	60	0.9	0.210834004380671
5	60	1	0.210866108599433
5	70	0.1	0.210863397096452
5	70	0.2	0.210847524829326
5	70	0.3	0.210838563078906
5	70	0.4	0.210838785226739
5	70	0.5	0.210834972863151
5	70	0.6	0.210839133914779
5	70	0.7	0.210829158886851
5	70	0.8	0.21083171981408
5	70	0.9	0.210820730165026
5	70	1	0.210860078956794
5	80	0.1	0.210849001349866
5	80	0.2	0.210842775521553
5	80	0.3	0.21084966594919
5	80	0.4	0.210848977295871
5	80	0.5	0.210835313782916
5	80	0.6	0.210836162412295
5	80	0.7	0.210826449763871
5	80	0.8	0.210828645020686
5	80	0.9	0.210824412406642
5	80	1	0.210846676651317
5	90	0.1	0.210852332438124
5	90	0.2	0.210838697850746
5	90	0.3	0.210826771847175
5	90	0.4	0.210841822990136
5	90	0.5	0.210838082339698
5	90	0.6	0.210840911836957
5	90	0.7	0.21083038654588
5	90	0.8	0.210821341342729
5	90	0.9	0.210823653829947
5	90	1	0.210835989342345
5	100	0.1	0.210848128812759
5	100	0.2	0.210864257684179
5	100	0.3	0.210846461057817
5	100	0.4	0.210849734300732
5	100	0.5	0.210842460343932
5	100	0.6	0.210844012798717
5	100	0.7	0.210821133000814
5	100	0.8	0.210827968723323
5	100	0.9	0.210835660210476
5	100	1	0.210838346935769
5	150	0.1	0.210847221987494
5	150	0.2	0.210836384276867
5	150	0.3	0.210841464931115
5	150	0.4	0.210842871520294
5	150	0.5	0.21084396051864
5	150	0.6	0.210837797366511
5	150	0.7	0.210828659937249
5	150	0.8	0.210828480445458
5	150	0.9	0.210833267302917
5	150	1	0.210845393713103
5	200	0.1	0.210844464231412
5	200	0.2	0.21083933456329
5	200	0.3	0.210828779859237
5	200	0.4	0.210850630479156
5	200	0.5	0.210841897532971
5	200	0.6	0.21083917703582
5	200	0.7	0.210832703558867
5	200	0.8	0.210836276444246
5	200	0.9	0.210833221797582
5	200	1	0.210858455487378
5	500	0.1	0.210849270942193
5	500	0.2	0.210840800806869
5	500	0.3	0.210849995707068
5	500	0.4	0.21083645000055
5	500	0.5	0.210849990028134
5	500	0.6	0.210839865142753
5	500	0.7	0.210824871742493
5	500	0.8	0.21082691769397
5	500	0.9	0.210816784115341
5	500	1	0.21085572724413
5	1000	0.1	0.210851233878165
5	1000	0.2	0.210844352514619
5	1000	0.3	0.210831581677999
5	1000	0.4	0.210847825555504
5	1000	0.5	0.210837097517797
5	1000	0.6	0.210839557581714
5	1000	0.7	0.210838549175714
5	1000	0.8	0.210824119665145
5	1000	0.9	0.21083262102497
5	1000	1	0.210849961665154
10	0.01	0.1	0.115333785932709
10	0.01	0.2	0.102705110267731
10	0.01	0.3	0.136588146229547
10	0.01	0.4	0.147330857018175
10	0.01	0.5	0.131524206004406
10	0.01	0.6	0.13172549010855
10	0.01	0.7	0.148503664861292
10	0.01	0.8	0.137050957673154
10	0.01	0.9	0.139218209892946
10	0.01	1	0.152988071678726
10	0.1	0.1	0.144257137810183
10	0.1	0.2	0.0998035154805804
10	0.1	0.3	0.134668875076268
10	0.1	0.4	0.160251954176018
10	0.1	0.5	0.151687156345293
10	0.1	0.6	0.159822895063437
10	0.1	0.7	0.169243805382688
10	0.1	0.8	0.180743162316595
10	0.1	0.9	0.203459242622922
10	0.1	1	0.186389327321857
10	1	0.1	0.151166373998021
10	1	0.2	0.172314804250333
10	1	0.3	0.18045991471365
10	1	0.4	0.205201252573324
10	1	0.5	0.204378157098483
10	1	0.6	0.201659230606595
10	1	0.7	0.185621231911469
10	1	0.8	0.185593647059931
10	1	0.9	0.185616149994039
10	1	1	0.185600262579768
10	10	0.1	0.21747874413602
10	10	0.2	0.210389418346764
10	10	0.3	0.210382965667139
10	10	0.4	0.210395880065282
10	10	0.5	0.210391437508498
10	10	0.6	0.210378724137797
10	10	0.7	0.210368606200085
10	10	0.8	0.210367905708804
10	10	0.9	0.210364983837597
10	10	1	0.210408936428222
10	20	0.1	0.20997236138453
10	20	0.2	0.21066308428391
10	20	0.3	0.210646340273948
10	20	0.4	0.210653840126365
10	20	0.5	0.210661327458326
10	20	0.6	0.210667100195271
10	20	0.7	0.210635705160671
10	20	0.8	0.210634533711328
10	20	0.9	0.210640678582469
10	20	1	0.210655944120174
10	30	0.1	0.205994492420172
10	30	0.2	0.210847235961056
10	30	0.3	0.210841150791238
10	30	0.4	0.210837555291021
10	30	0.5	0.210843237165163
10	30	0.6	0.210831211876022
10	30	0.7	0.210825065590304
10	30	0.8	0.210824779705165
10	30	0.9	0.210822484665719
10	30	1	0.210846113876161
10	40	0.1	0.20842947176948
10	40	0.2	0.210838754451816
10	40	0.3	0.210852387691595
10	40	0.4	0.210839915856156
10	40	0.5	0.210847092848367
10	40	0.6	0.210851166761632
10	40	0.7	0.210840535288064
10	40	0.8	0.210825603508591
10	40	0.9	0.210828289203398
10	40	1	0.210853384953552
10	50	0.1	0.210904591495652
10	50	0.2	0.210841316625328
10	50	0.3	0.210841409042849
10	50	0.4	0.210843244097842
10	50	0.5	0.210840908365711
10	50	0.6	0.210839924525488
10	50	0.7	0.21083916261726
10	50	0.8	0.210823389771527
10	50	0.9	0.210825109263943
10	50	1	0.210852225804337
10	60	0.1	0.210862907906029
10	60	0.2	0.210860370149038
10	60	0.3	0.210837917727676
10	60	0.4	0.210852379337714
10	60	0.5	0.210860684600982
10	60	0.6	0.21083637780319
10	60	0.7	0.210836447340994
10	60	0.8	0.210821322577352
10	60	0.9	0.210834004380671
10	60	1	0.210866108599433
10	70	0.1	0.210863397096452
10	70	0.2	0.210847524829326
10	70	0.3	0.210838563078906
10	70	0.4	0.210838785226739
10	70	0.5	0.210834972863151
10	70	0.6	0.210839133914779
10	70	0.7	0.210829158886851
10	70	0.8	0.21083171981408
10	70	0.9	0.210820730165026
10	70	1	0.210860078956794
10	80	0.1	0.210849001349866
10	80	0.2	0.210842775521553
10	80	0.3	0.21084966594919
10	80	0.4	0.210848977295871
10	80	0.5	0.210835313782916
10	80	0.6	0.210836162412295
10	80	0.7	0.210826449763871
10	80	0.8	0.210828645020686
10	80	0.9	0.210824412406642
10	80	1	0.210846676651317
10	90	0.1	0.210852332438124
10	90	0.2	0.210838697850746
10	90	0.3	0.210826771847175
10	90	0.4	0.210841822990136
10	90	0.5	0.210838082339698
10	90	0.6	0.210840911836957
10	90	0.7	0.21083038654588
10	90	0.8	0.210821341342729
10	90	0.9	0.210823653829947
10	90	1	0.210835989342345
10	100	0.1	0.210848128812759
10	100	0.2	0.210864257684179
10	100	0.3	0.210846461057817
10	100	0.4	0.210849734300732
10	100	0.5	0.210842460343932
10	100	0.6	0.210844012798717
10	100	0.7	0.210821133000814
10	100	0.8	0.210827968723323
10	100	0.9	0.210835660210476
10	100	1	0.210838346935769
10	150	0.1	0.210847221987494
10	150	0.2	0.210836384276867
10	150	0.3	0.210841464931115
10	150	0.4	0.210842871520294
10	150	0.5	0.21084396051864
10	150	0.6	0.210837797366511
10	150	0.7	0.210828659937249
10	150	0.8	0.210828480445458
10	150	0.9	0.210833267302917
10	150	1	0.210845393713103
10	200	0.1	0.210844464231412
10	200	0.2	0.21083933456329
10	200	0.3	0.210828779859237
10	200	0.4	0.210850630479156
10	200	0.5	0.210841897532971
10	200	0.6	0.21083917703582
10	200	0.7	0.210832703558867
10	200	0.8	0.210836276444246
10	200	0.9	0.210833221797582
10	200	1	0.210858455487378
10	500	0.1	0.210849270942193
10	500	0.2	0.210840800806869
10	500	0.3	0.210849995707068
10	500	0.4	0.21083645000055
10	500	0.5	0.210849990028134
10	500	0.6	0.210839865142753
10	500	0.7	0.210824871742493
10	500	0.8	0.21082691769397
10	500	0.9	0.210816784115341
10	500	1	0.21085572724413
10	1000	0.1	0.210851233878165
10	1000	0.2	0.210844352514619
10	1000	0.3	0.210831581677999
10	1000	0.4	0.210847825555504
10	1000	0.5	0.210837097517797
10	1000	0.6	0.210839557581714
10	1000	0.7	0.210838549175714
10	1000	0.8	0.210824119665145
10	1000	0.9	0.21083262102497
10	1000	1	0.210849961665154
20	0.01	0.1	0.115333785932709
20	0.01	0.2	0.102705110267731
20	0.01	0.3	0.136588146229547
20	0.01	0.4	0.147330857018175
20	0.01	0.5	0.131524206004406
20	0.01	0.6	0.13172549010855
20	0.01	0.7	0.148503664861292
20	0.01	0.8	0.137050957673154
20	0.01	0.9	0.139218209892946
20	0.01	1	0.152988071678726
20	0.1	0.1	0.144257137810183
20	0.1	0.2	0.0998035154805804
20	0.1	0.3	0.134668875076268
20	0.1	0.4	0.160251954176018
20	0.1	0.5	0.151687156345293
20	0.1	0.6	0.159822895063437
20	0.1	0.7	0.169243805382688
20	0.1	0.8	0.180743162316595
20	0.1	0.9	0.203459242622922
20	0.1	1	0.186389327321857
20	1	0.1	0.151166373998021
20	1	0.2	0.172314804250333
20	1	0.3	0.18045991471365
20	1	0.4	0.205201252573324
20	1	0.5	0.204378157098483
20	1	0.6	0.201659230606595
20	1	0.7	0.185621231911469
20	1	0.8	0.185593647059931
20	1	0.9	0.185616149994039
20	1	1	0.185600262579768
20	10	0.1	0.21747874413602
20	10	0.2	0.210389418346764
20	10	0.3	0.210382965667139
20	10	0.4	0.210395880065282
20	10	0.5	0.210391437508498
20	10	0.6	0.210378724137797
20	10	0.7	0.210368606200085
20	10	0.8	0.210367905708804
20	10	0.9	0.210364983837597
20	10	1	0.210408936428222
20	20	0.1	0.20997236138453
20	20	0.2	0.21066308428391
20	20	0.3	0.210646340273948
20	20	0.4	0.210653840126365
20	20	0.5	0.210661327458326
20	20	0.6	0.210667100195271
20	20	0.7	0.210635705160671
20	20	0.8	0.210634533711328
20	20	0.9	0.210640678582469
20	20	1	0.210655944120174
20	30	0.1	0.205994492420172
20	30	0.2	0.210847235961056
20	30	0.3	0.210841150791238
20	30	0.4	0.210837555291021
20	30	0.5	0.210843237165163
20	30	0.6	0.210831211876022
20	30	0.7	0.210825065590304
20	30	0.8	0.210824779705165
20	30	0.9	0.210822484665719
20	30	1	0.210846113876161
20	40	0.1	0.20842947176948
20	40	0.2	0.210838754451816
20	40	0.3	0.210852387691595
20	40	0.4	0.210839915856156
20	40	0.5	0.210847092848367
20	40	0.6	0.210851166761632
20	40	0.7	0.210840535288064
20	40	0.8	0.210825603508591
20	40	0.9	0.210828289203398
20	40	1	0.210853384953552
20	50	0.1	0.210904591495652
20	50	0.2	0.210841316625328
20	50	0.3	0.210841409042849
20	50	0.4	0.210843244097842
20	50	0.5	0.210840908365711
20	50	0.6	0.210839924525488
20	50	0.7	0.21083916261726
20	50	0.8	0.210823389771527
20	50	0.9	0.210825109263943
20	50	1	0.210852225804337
20	60	0.1	0.210862907906029
20	60	0.2	0.210860370149038
20	60	0.3	0.210837917727676
20	60	0.4	0.210852379337714
20	60	0.5	0.210860684600982
20	60	0.6	0.21083637780319
20	60	0.7	0.210836447340994
20	60	0.8	0.210821322577352
20	60	0.9	0.210834004380671
20	60	1	0.210866108599433
20	70	0.1	0.210863397096452
20	70	0.2	0.210847524829326
20	70	0.3	0.210838563078906
20	70	0.4	0.210838785226739
20	70	0.5	0.210834972863151
20	70	0.6	0.210839133914779
20	70	0.7	0.210829158886851
20	70	0.8	0.21083171981408
20	70	0.9	0.210820730165026
20	70	1	0.210860078956794
20	80	0.1	0.210849001349866
20	80	0.2	0.210842775521553
20	80	0.3	0.21084966594919
20	80	0.4	0.210848977295871
20	80	0.5	0.210835313782916
20	80	0.6	0.210836162412295
20	80	0.7	0.210826449763871
20	80	0.8	0.210828645020686
20	80	0.9	0.210824412406642
20	80	1	0.210846676651317
20	90	0.1	0.210852332438124
20	90	0.2	0.210838697850746
20	90	0.3	0.210826771847175
20	90	0.4	0.210841822990136
20	90	0.5	0.210838082339698
20	90	0.6	0.210840911836957
20	90	0.7	0.21083038654588
20	90	0.8	0.210821341342729
20	90	0.9	0.210823653829947
20	90	1	0.210835989342345
20	100	0.1	0.210848128812759
20	100	0.2	0.210864257684179
20	100	0.3	0.210846461057817
20	100	0.4	0.210849734300732
20	100	0.5	0.210842460343932
20	100	0.6	0.210844012798717
20	100	0.7	0.210821133000814
20	100	0.8	0.210827968723323
20	100	0.9	0.210835660210476
20	100	1	0.210838346935769
20	150	0.1	0.210847221987494
20	150	0.2	0.210836384276867
20	150	0.3	0.210841464931115
20	150	0.4	0.210842871520294
20	150	0.5	0.21084396051864
20	150	0.6	0.210837797366511
20	150	0.7	0.210828659937249
20	150	0.8	0.210828480445458
20	150	0.9	0.210833267302917
20	150	1	0.210845393713103
20	200	0.1	0.210844464231412
20	200	0.2	0.21083933456329
20	200	0.3	0.210828779859237
20	200	0.4	0.210850630479156
20	200	0.5	0.210841897532971
20	200	0.6	0.21083917703582
20	200	0.7	0.210832703558867
20	200	0.8	0.210836276444246
20	200	0.9	0.210833221797582
20	200	1	0.210858455487378
20	500	0.1	0.210849270942193
20	500	0.2	0.210840800806869
20	500	0.3	0.210849995707068
20	500	0.4	0.21083645000055
20	500	0.5	0.210849990028134
20	500	0.6	0.210839865142753
20	500	0.7	0.210824871742493
20	500	0.8	0.21082691769397
20	500	0.9	0.210816784115341
20	500	1	0.21085572724413
20	1000	0.1	0.210851233878165
20	1000	0.2	0.210844352514619
20	1000	0.3	0.210831581677999
20	1000	0.4	0.210847825555504
20	1000	0.5	0.210837097517797
20	1000	0.6	0.210839557581714
20	1000	0.7	0.210838549175714
20	1000	0.8	0.210824119665145
20	1000	0.9	0.21083262102497
20	1000	1	0.210849961665154
