0.001	0.01	0.1	0.0905555559809297
0.001	0.01	0.2	0.147197387666855
0.001	0.01	0.3	0.143726524406473
0.001	0.01	0.4	0.187895832369814
0.001	0.01	0.5	0.182514503937572
0.001	0.01	0.6	0.189624115420926
0.001	0.01	0.7	0.157197253762383
0.001	0.01	0.8	0.187759515424188
0.001	0.01	0.9	0.164706021302741
0.001	0.01	1	0.146233281936193
0.001	0.1	0.1	0.0790094372797424
0.001	0.1	0.2	0.137946465460278
0.001	0.1	0.3	0.169573911967293
0.001	0.1	0.4	0.152506336914376
0.001	0.1	0.5	0.197351925114743
0.001	0.1	0.6	0.164715656451003
0.001	0.1	0.7	0.176127246505389
0.001	0.1	0.8	0.174418943321171
0.001	0.1	0.9	0.184293059965368
0.001	0.1	1	0.16952664371872
0.001	1	0.1	0.105133367340335
0.001	1	0.2	0.118745670158072
0.001	1	0.3	0.151265427623213
0.001	1	0.4	0.180430679048772
0.001	1	0.5	0.175541027651829
0.001	1	0.6	0.175519690271021
0.001	1	0.7	0.169397791143637
0.001	1	0.8	0.171476728348883
0.001	1	0.9	0.148816601727615
0.001	1	1	0.133691193300676
0.001	10	0.1	0.109383159519731
0.001	10	0.2	0.14476782172865
0.001	10	0.3	0.130295076243393
0.001	10	0.4	0.152074067205436
0.001	10	0.5	0.163758366524239
0.001	10	0.6	0.161940765155472
0.001	10	0.7	0.155886843337739
0.001	10	0.8	0.163145595321948
0.001	10	0.9	0.159830482231057
0.001	10	1	0.15979549003214
0.001	20	0.1	0.145650355851682
0.001	20	0.2	0.141698655863924
0.001	20	0.3	0.148243480907851
0.001	20	0.4	0.170353966941132
0.001	20	0.5	0.180857156457226
0.001	20	0.6	0.145606199529813
0.001	20	0.7	0.154416005704139
0.001	20	0.8	0.153775650522284
0.001	20	0.9	0.153758451565722
0.001	20	1	0.153733542804333
0.001	30	0.1	0.14772990125034
0.001	30	0.2	0.157336477639208
0.001	30	0.3	0.157933094534292
0.001	30	0.4	0.158906913729797
0.001	30	0.5	0.165129657566267
0.001	30	0.6	0.139494013731248
0.001	30	0.7	0.15147531672646
0.001	30	0.8	0.148134332773666
0.001	30	0.9	0.148135500399055
0.001	30	1	0.148100432805622
0.001	40	0.1	0.145718302979551
0.001	40	0.2	0.149623517154924
0.001	40	0.3	0.152985893940472
0.001	40	0.4	0.176294968508399
0.001	40	0.5	0.14862536072308
0.001	40	0.6	0.139051971912037
0.001	40	0.7	0.151650977713327
0.001	40	0.8	0.151653602601117
0.001	40	0.9	0.151653902690317
0.001	40	1	0.151634863103286
0.001	50	0.1	0.165525982665065
0.001	50	0.2	0.157686829975202
0.001	50	0.3	0.154879874822591
0.001	50	0.4	0.17594487894129
0.001	50	0.5	0.151853647163266
0.001	50	0.6	0.14955971272203
0.001	50	0.7	0.155073436997637
0.001	50	0.8	0.15508863774039
0.001	50	0.9	0.155065892400297
0.001	50	1	0.15505469770857
0.001	60	0.1	0.166000517041672
0.001	60	0.2	0.158131751768547
0.001	60	0.3	0.153722301462622
0.001	60	0.4	0.161720165947044
0.001	60	0.5	0.152839802574111
0.001	60	0.6	0.169296238763067
0.001	60	0.7	0.172281043061098
0.001	60	0.8	0.172282301968294
0.001	60	0.9	0.17228461786637
0.001	60	1	0.17226352237652
0.001	70	0.1	0.165952999266669
0.001	70	0.2	0.157122753407158
0.001	70	0.3	0.145509589466796
0.001	70	0.4	0.147237365732305
0.001	70	0.5	0.156011690354343
0.001	70	0.6	0.170454982993923
0.001	70	0.7	0.170449984314013
0.001	70	0.8	0.170456283442934
0.001	70	0.9	0.170463769590318
0.001	70	1	0.170450158834436
0.001	80	0.1	0.166492573874685
0.001	80	0.2	0.143530462286593
0.001	80	0.3	0.141100430756883
0.001	80	0.4	0.151543991636876
0.001	80	0.5	0.159900877776335
0.001	80	0.6	0.168975909384129
0.001	80	0.7	0.168947283905746
0.001	80	0.8	0.168978141622242
0.001	80	0.9	0.168980018195095
0.001	80	1	0.168974318385171
0.001	90	0.1	0.162824936602712
0.001	90	0.2	0.135773344831061
0.001	90	0.3	0.149200017759857
0.001	90	0.4	0.14671358123328
0.001	90	0.5	0.167327447668019
0.001	90	0.6	0.172886331463296
0.001	90	0.7	0.172868939220316
0.001	90	0.8	0.172882850819861
0.001	90	0.9	0.172886087587878
0.001	90	1	0.172900480326315
0.001	100	0.1	0.158458855003023
0.001	100	0.2	0.133164176099689
0.001	100	0.3	0.150439427984334
0.001	100	0.4	0.144763167240626
0.001	100	0.5	0.166600468922988
0.001	100	0.6	0.169076948637987
0.001	100	0.7	0.16908326854624
0.001	100	0.8	0.169082068526308
0.001	100	0.9	0.169083733971458
0.001	100	1	0.169084588512792
0.001	150	0.1	0.150697418532653
0.001	150	0.2	0.137874940862675
0.001	150	0.3	0.146104674742754
0.001	150	0.4	0.155513591521389
0.001	150	0.5	0.156140900864419
0.001	150	0.6	0.156114567964718
0.001	150	0.7	0.156135471534474
0.001	150	0.8	0.156123868006443
0.001	150	0.9	0.156131181529313
0.001	150	1	0.156120229656486
0.001	200	0.1	0.143599868474991
0.001	200	0.2	0.139919423648125
0.001	200	0.3	0.14146620619167
0.001	200	0.4	0.162069987240968
0.001	200	0.5	0.15911951959445
0.001	200	0.6	0.159140783369781
0.001	200	0.7	0.15914538014458
0.001	200	0.8	0.159138137196944
0.001	200	0.9	0.159133138359155
0.001	200	1	0.1591322826267
0.001	500	0.1	0.122971667758281
0.001	500	0.2	0.137182700497005
0.001	500	0.3	0.137625293118487
0.001	500	0.4	0.138945809910244
0.001	500	0.5	0.138908133699369
0.001	500	0.6	0.138886378142318
0.001	500	0.7	0.138901473047826
0.001	500	0.8	0.138886556378209
0.001	500	0.9	0.138894523423272
0.001	500	1	0.13890770987937
0.001	1000	0.1	0.130746275627025
0.001	1000	0.2	0.130435915134179
0.001	1000	0.3	0.121116075899655
0.001	1000	0.4	0.121104664373329
0.001	1000	0.5	0.121081763651524
0.001	1000	0.6	0.121101706370249
0.001	1000	0.7	0.121097692852178
0.001	1000	0.8	0.121109896876827
0.001	1000	0.9	0.121109570503781
0.001	1000	1	0.121104098443298
0.005	0.01	0.1	0.0905555559809297
0.005	0.01	0.2	0.147197387666855
0.005	0.01	0.3	0.143726524406473
0.005	0.01	0.4	0.187895832369814
0.005	0.01	0.5	0.182514503937572
0.005	0.01	0.6	0.189624115420926
0.005	0.01	0.7	0.157197253762383
0.005	0.01	0.8	0.187759515424188
0.005	0.01	0.9	0.164706021302741
0.005	0.01	1	0.146233281936193
0.005	0.1	0.1	0.0790094372797424
0.005	0.1	0.2	0.137946465460278
0.005	0.1	0.3	0.169573911967293
0.005	0.1	0.4	0.152506336914376
0.005	0.1	0.5	0.197351925114743
0.005	0.1	0.6	0.164715656451003
0.005	0.1	0.7	0.176127246505389
0.005	0.1	0.8	0.174418943321171
0.005	0.1	0.9	0.184293059965368
0.005	0.1	1	0.16952664371872
0.005	1	0.1	0.105133367340335
0.005	1	0.2	0.118745670158072
0.005	1	0.3	0.151265427623213
0.005	1	0.4	0.180430679048772
0.005	1	0.5	0.175541027651829
0.005	1	0.6	0.175519690271021
0.005	1	0.7	0.169397791143637
0.005	1	0.8	0.171476728348883
0.005	1	0.9	0.148816601727615
0.005	1	1	0.133691193300676
0.005	10	0.1	0.109383159519731
0.005	10	0.2	0.14476782172865
0.005	10	0.3	0.130295076243393
0.005	10	0.4	0.152074067205436
0.005	10	0.5	0.163758366524239
0.005	10	0.6	0.161940765155472
0.005	10	0.7	0.155886843337739
0.005	10	0.8	0.163145595321948
0.005	10	0.9	0.159830482231057
0.005	10	1	0.15979549003214
0.005	20	0.1	0.145650355851682
0.005	20	0.2	0.141698655863924
0.005	20	0.3	0.148243480907851
0.005	20	0.4	0.170353966941132
0.005	20	0.5	0.180857156457226
0.005	20	0.6	0.145606199529813
0.005	20	0.7	0.154416005704139
0.005	20	0.8	0.153775650522284
0.005	20	0.9	0.153758451565722
0.005	20	1	0.153733542804333
0.005	30	0.1	0.14772990125034
0.005	30	0.2	0.157336477639208
0.005	30	0.3	0.157933094534292
0.005	30	0.4	0.158906913729797
0.005	30	0.5	0.165129657566267
0.005	30	0.6	0.139494013731248
0.005	30	0.7	0.15147531672646
0.005	30	0.8	0.148134332773666
0.005	30	0.9	0.148135500399055
0.005	30	1	0.148100432805622
0.005	40	0.1	0.145718302979551
0.005	40	0.2	0.149623517154924
0.005	40	0.3	0.152985893940472
0.005	40	0.4	0.176294968508399
0.005	40	0.5	0.14862536072308
0.005	40	0.6	0.139051971912037
0.005	40	0.7	0.151650977713327
0.005	40	0.8	0.151653602601117
0.005	40	0.9	0.151653902690317
0.005	40	1	0.151634863103286
0.005	50	0.1	0.165525982665065
0.005	50	0.2	0.157686829975202
0.005	50	0.3	0.154879874822591
0.005	50	0.4	0.17594487894129
0.005	50	0.5	0.151853647163266
0.005	50	0.6	0.14955971272203
0.005	50	0.7	0.155073436997637
0.005	50	0.8	0.15508863774039
0.005	50	0.9	0.155065892400297
0.005	50	1	0.15505469770857
0.005	60	0.1	0.166000517041672
0.005	60	0.2	0.158131751768547
0.005	60	0.3	0.153722301462622
0.005	60	0.4	0.161720165947044
0.005	60	0.5	0.152839802574111
0.005	60	0.6	0.169296238763067
0.005	60	0.7	0.172281043061098
0.005	60	0.8	0.172282301968294
0.005	60	0.9	0.17228461786637
0.005	60	1	0.17226352237652
0.005	70	0.1	0.165952999266669
0.005	70	0.2	0.157122753407158
0.005	70	0.3	0.145509589466796
0.005	70	0.4	0.147237365732305
0.005	70	0.5	0.156011690354343
0.005	70	0.6	0.170454982993923
0.005	70	0.7	0.170449984314013
0.005	70	0.8	0.170456283442934
0.005	70	0.9	0.170463769590318
0.005	70	1	0.170450158834436
0.005	80	0.1	0.166492573874685
0.005	80	0.2	0.143530462286593
0.005	80	0.3	0.141100430756883
0.005	80	0.4	0.151543991636876
0.005	80	0.5	0.159900877776335
0.005	80	0.6	0.168975909384129
0.005	80	0.7	0.168947283905746
0.005	80	0.8	0.168978141622242
0.005	80	0.9	0.168980018195095
0.005	80	1	0.168974318385171
0.005	90	0.1	0.162824936602712
0.005	90	0.2	0.135773344831061
0.005	90	0.3	0.149200017759857
0.005	90	0.4	0.14671358123328
0.005	90	0.5	0.167327447668019
0.005	90	0.6	0.172886331463296
0.005	90	0.7	0.172868939220316
0.005	90	0.8	0.172882850819861
0.005	90	0.9	0.172886087587878
0.005	90	1	0.172900480326315
0.005	100	0.1	0.158458855003023
0.005	100	0.2	0.133164176099689
0.005	100	0.3	0.150439427984334
0.005	100	0.4	0.144763167240626
0.005	100	0.5	0.166600468922988
0.005	100	0.6	0.169076948637987
0.005	100	0.7	0.16908326854624
0.005	100	0.8	0.169082068526308
0.005	100	0.9	0.169083733971458
0.005	100	1	0.169084588512792
0.005	150	0.1	0.150697418532653
0.005	150	0.2	0.137874940862675
0.005	150	0.3	0.146104674742754
0.005	150	0.4	0.155513591521389
0.005	150	0.5	0.156140900864419
0.005	150	0.6	0.156114567964718
0.005	150	0.7	0.156135471534474
0.005	150	0.8	0.156123868006443
0.005	150	0.9	0.156131181529313
0.005	150	1	0.156120229656486
0.005	200	0.1	0.143599868474991
0.005	200	0.2	0.139919423648125
0.005	200	0.3	0.14146620619167
0.005	200	0.4	0.162069987240968
0.005	200	0.5	0.15911951959445
0.005	200	0.6	0.159140783369781
0.005	200	0.7	0.15914538014458
0.005	200	0.8	0.159138137196944
0.005	200	0.9	0.159133138359155
0.005	200	1	0.1591322826267
0.005	500	0.1	0.122971667758281
0.005	500	0.2	0.137182700497005
0.005	500	0.3	0.137625293118487
0.005	500	0.4	0.138945809910244
0.005	500	0.5	0.138908133699369
0.005	500	0.6	0.138886378142318
0.005	500	0.7	0.138901473047826
0.005	500	0.8	0.138886556378209
0.005	500	0.9	0.138894523423272
0.005	500	1	0.13890770987937
0.005	1000	0.1	0.130746275627025
0.005	1000	0.2	0.130435915134179
0.005	1000	0.3	0.121116075899655
0.005	1000	0.4	0.121104664373329
0.005	1000	0.5	0.121081763651524
0.005	1000	0.6	0.121101706370249
0.005	1000	0.7	0.121097692852178
0.005	1000	0.8	0.121109896876827
0.005	1000	0.9	0.121109570503781
0.005	1000	1	0.121104098443298
0.01	0.01	0.1	0.0905555559809297
0.01	0.01	0.2	0.147197387666855
0.01	0.01	0.3	0.143726524406473
0.01	0.01	0.4	0.187895832369814
0.01	0.01	0.5	0.182514503937572
0.01	0.01	0.6	0.189624115420926
0.01	0.01	0.7	0.157197253762383
0.01	0.01	0.8	0.187759515424188
0.01	0.01	0.9	0.164706021302741
0.01	0.01	1	0.146233281936193
0.01	0.1	0.1	0.0790094372797424
0.01	0.1	0.2	0.137946465460278
0.01	0.1	0.3	0.169573911967293
0.01	0.1	0.4	0.152506336914376
0.01	0.1	0.5	0.197351925114743
0.01	0.1	0.6	0.164715656451003
0.01	0.1	0.7	0.176127246505389
0.01	0.1	0.8	0.174418943321171
0.01	0.1	0.9	0.184293059965368
0.01	0.1	1	0.16952664371872
0.01	1	0.1	0.105133367340335
0.01	1	0.2	0.118745670158072
0.01	1	0.3	0.151265427623213
0.01	1	0.4	0.180430679048772
0.01	1	0.5	0.175541027651829
0.01	1	0.6	0.175519690271021
0.01	1	0.7	0.169397791143637
0.01	1	0.8	0.171476728348883
0.01	1	0.9	0.148816601727615
0.01	1	1	0.133691193300676
0.01	10	0.1	0.109383159519731
0.01	10	0.2	0.14476782172865
0.01	10	0.3	0.130295076243393
0.01	10	0.4	0.152074067205436
0.01	10	0.5	0.163758366524239
0.01	10	0.6	0.161940765155472
0.01	10	0.7	0.155886843337739
0.01	10	0.8	0.163145595321948
0.01	10	0.9	0.159830482231057
0.01	10	1	0.15979549003214
0.01	20	0.1	0.145650355851682
0.01	20	0.2	0.141698655863924
0.01	20	0.3	0.148243480907851
0.01	20	0.4	0.170353966941132
0.01	20	0.5	0.180857156457226
0.01	20	0.6	0.145606199529813
0.01	20	0.7	0.154416005704139
0.01	20	0.8	0.153775650522284
0.01	20	0.9	0.153758451565722
0.01	20	1	0.153733542804333
0.01	30	0.1	0.14772990125034
0.01	30	0.2	0.157336477639208
0.01	30	0.3	0.157933094534292
0.01	30	0.4	0.158906913729797
0.01	30	0.5	0.165129657566267
0.01	30	0.6	0.139494013731248
0.01	30	0.7	0.15147531672646
0.01	30	0.8	0.148134332773666
0.01	30	0.9	0.148135500399055
0.01	30	1	0.148100432805622
0.01	40	0.1	0.145718302979551
0.01	40	0.2	0.149623517154924
0.01	40	0.3	0.152985893940472
0.01	40	0.4	0.176294968508399
0.01	40	0.5	0.14862536072308
0.01	40	0.6	0.139051971912037
0.01	40	0.7	0.151650977713327
0.01	40	0.8	0.151653602601117
0.01	40	0.9	0.151653902690317
0.01	40	1	0.151634863103286
0.01	50	0.1	0.165525982665065
0.01	50	0.2	0.157686829975202
0.01	50	0.3	0.154879874822591
0.01	50	0.4	0.17594487894129
0.01	50	0.5	0.151853647163266
0.01	50	0.6	0.14955971272203
0.01	50	0.7	0.155073436997637
0.01	50	0.8	0.15508863774039
0.01	50	0.9	0.155065892400297
0.01	50	1	0.15505469770857
0.01	60	0.1	0.166000517041672
0.01	60	0.2	0.158131751768547
0.01	60	0.3	0.153722301462622
0.01	60	0.4	0.161720165947044
0.01	60	0.5	0.152839802574111
0.01	60	0.6	0.169296238763067
0.01	60	0.7	0.172281043061098
0.01	60	0.8	0.172282301968294
0.01	60	0.9	0.17228461786637
0.01	60	1	0.17226352237652
0.01	70	0.1	0.165952999266669
0.01	70	0.2	0.157122753407158
0.01	70	0.3	0.145509589466796
0.01	70	0.4	0.147237365732305
0.01	70	0.5	0.156011690354343
0.01	70	0.6	0.170454982993923
0.01	70	0.7	0.170449984314013
0.01	70	0.8	0.170456283442934
0.01	70	0.9	0.170463769590318
0.01	70	1	0.170450158834436
0.01	80	0.1	0.166492573874685
0.01	80	0.2	0.143530462286593
0.01	80	0.3	0.141100430756883
0.01	80	0.4	0.151543991636876
0.01	80	0.5	0.159900877776335
0.01	80	0.6	0.168975909384129
0.01	80	0.7	0.168947283905746
0.01	80	0.8	0.168978141622242
0.01	80	0.9	0.168980018195095
0.01	80	1	0.168974318385171
0.01	90	0.1	0.162824936602712
0.01	90	0.2	0.135773344831061
0.01	90	0.3	0.149200017759857
0.01	90	0.4	0.14671358123328
0.01	90	0.5	0.167327447668019
0.01	90	0.6	0.172886331463296
0.01	90	0.7	0.172868939220316
0.01	90	0.8	0.172882850819861
0.01	90	0.9	0.172886087587878
0.01	90	1	0.172900480326315
0.01	100	0.1	0.158458855003023
0.01	100	0.2	0.133164176099689
0.01	100	0.3	0.150439427984334
0.01	100	0.4	0.144763167240626
0.01	100	0.5	0.166600468922988
0.01	100	0.6	0.169076948637987
0.01	100	0.7	0.16908326854624
0.01	100	0.8	0.169082068526308
0.01	100	0.9	0.169083733971458
0.01	100	1	0.169084588512792
0.01	150	0.1	0.150697418532653
0.01	150	0.2	0.137874940862675
0.01	150	0.3	0.146104674742754
0.01	150	0.4	0.155513591521389
0.01	150	0.5	0.156140900864419
0.01	150	0.6	0.156114567964718
0.01	150	0.7	0.156135471534474
0.01	150	0.8	0.156123868006443
0.01	150	0.9	0.156131181529313
0.01	150	1	0.156120229656486
0.01	200	0.1	0.143599868474991
0.01	200	0.2	0.139919423648125
0.01	200	0.3	0.14146620619167
0.01	200	0.4	0.162069987240968
0.01	200	0.5	0.15911951959445
0.01	200	0.6	0.159140783369781
0.01	200	0.7	0.15914538014458
0.01	200	0.8	0.159138137196944
0.01	200	0.9	0.159133138359155
0.01	200	1	0.1591322826267
0.01	500	0.1	0.122971667758281
0.01	500	0.2	0.137182700497005
0.01	500	0.3	0.137625293118487
0.01	500	0.4	0.138945809910244
0.01	500	0.5	0.138908133699369
0.01	500	0.6	0.138886378142318
0.01	500	0.7	0.138901473047826
0.01	500	0.8	0.138886556378209
0.01	500	0.9	0.138894523423272
0.01	500	1	0.13890770987937
0.01	1000	0.1	0.130746275627025
0.01	1000	0.2	0.130435915134179
0.01	1000	0.3	0.121116075899655
0.01	1000	0.4	0.121104664373329
0.01	1000	0.5	0.121081763651524
0.01	1000	0.6	0.121101706370249
0.01	1000	0.7	0.121097692852178
0.01	1000	0.8	0.121109896876827
0.01	1000	0.9	0.121109570503781
0.01	1000	1	0.121104098443298
0.05	0.01	0.1	0.0905555559809297
0.05	0.01	0.2	0.147197387666855
0.05	0.01	0.3	0.143726524406473
0.05	0.01	0.4	0.187895832369814
0.05	0.01	0.5	0.182514503937572
0.05	0.01	0.6	0.189624115420926
0.05	0.01	0.7	0.157197253762383
0.05	0.01	0.8	0.187759515424188
0.05	0.01	0.9	0.164706021302741
0.05	0.01	1	0.146233281936193
0.05	0.1	0.1	0.0790094372797424
0.05	0.1	0.2	0.137946465460278
0.05	0.1	0.3	0.169573911967293
0.05	0.1	0.4	0.152506336914376
0.05	0.1	0.5	0.197351925114743
0.05	0.1	0.6	0.164715656451003
0.05	0.1	0.7	0.176127246505389
0.05	0.1	0.8	0.174418943321171
0.05	0.1	0.9	0.184293059965368
0.05	0.1	1	0.16952664371872
0.05	1	0.1	0.105133367340335
0.05	1	0.2	0.118745670158072
0.05	1	0.3	0.151265427623213
0.05	1	0.4	0.180430679048772
0.05	1	0.5	0.175541027651829
0.05	1	0.6	0.175519690271021
0.05	1	0.7	0.169397791143637
0.05	1	0.8	0.171476728348883
0.05	1	0.9	0.148816601727615
0.05	1	1	0.133691193300676
0.05	10	0.1	0.109383159519731
0.05	10	0.2	0.14476782172865
0.05	10	0.3	0.130295076243393
0.05	10	0.4	0.152074067205436
0.05	10	0.5	0.163758366524239
0.05	10	0.6	0.161940765155472
0.05	10	0.7	0.155886843337739
0.05	10	0.8	0.163145595321948
0.05	10	0.9	0.159830482231057
0.05	10	1	0.15979549003214
0.05	20	0.1	0.145650355851682
0.05	20	0.2	0.141698655863924
0.05	20	0.3	0.148243480907851
0.05	20	0.4	0.170353966941132
0.05	20	0.5	0.180857156457226
0.05	20	0.6	0.145606199529813
0.05	20	0.7	0.154416005704139
0.05	20	0.8	0.153775650522284
0.05	20	0.9	0.153758451565722
0.05	20	1	0.153733542804333
0.05	30	0.1	0.14772990125034
0.05	30	0.2	0.157336477639208
0.05	30	0.3	0.157933094534292
0.05	30	0.4	0.158906913729797
0.05	30	0.5	0.165129657566267
0.05	30	0.6	0.139494013731248
0.05	30	0.7	0.15147531672646
0.05	30	0.8	0.148134332773666
0.05	30	0.9	0.148135500399055
0.05	30	1	0.148100432805622
0.05	40	0.1	0.145718302979551
0.05	40	0.2	0.149623517154924
0.05	40	0.3	0.152985893940472
0.05	40	0.4	0.176294968508399
0.05	40	0.5	0.14862536072308
0.05	40	0.6	0.139051971912037
0.05	40	0.7	0.151650977713327
0.05	40	0.8	0.151653602601117
0.05	40	0.9	0.151653902690317
0.05	40	1	0.151634863103286
0.05	50	0.1	0.165525982665065
0.05	50	0.2	0.157686829975202
0.05	50	0.3	0.154879874822591
0.05	50	0.4	0.17594487894129
0.05	50	0.5	0.151853647163266
0.05	50	0.6	0.14955971272203
0.05	50	0.7	0.155073436997637
0.05	50	0.8	0.15508863774039
0.05	50	0.9	0.155065892400297
0.05	50	1	0.15505469770857
0.05	60	0.1	0.166000517041672
0.05	60	0.2	0.158131751768547
0.05	60	0.3	0.153722301462622
0.05	60	0.4	0.161720165947044
0.05	60	0.5	0.152839802574111
0.05	60	0.6	0.169296238763067
0.05	60	0.7	0.172281043061098
0.05	60	0.8	0.172282301968294
0.05	60	0.9	0.17228461786637
0.05	60	1	0.17226352237652
0.05	70	0.1	0.165952999266669
0.05	70	0.2	0.157122753407158
0.05	70	0.3	0.145509589466796
0.05	70	0.4	0.147237365732305
0.05	70	0.5	0.156011690354343
0.05	70	0.6	0.170454982993923
0.05	70	0.7	0.170449984314013
0.05	70	0.8	0.170456283442934
0.05	70	0.9	0.170463769590318
0.05	70	1	0.170450158834436
0.05	80	0.1	0.166492573874685
0.05	80	0.2	0.143530462286593
0.05	80	0.3	0.141100430756883
0.05	80	0.4	0.151543991636876
0.05	80	0.5	0.159900877776335
0.05	80	0.6	0.168975909384129
0.05	80	0.7	0.168947283905746
0.05	80	0.8	0.168978141622242
0.05	80	0.9	0.168980018195095
0.05	80	1	0.168974318385171
0.05	90	0.1	0.162824936602712
0.05	90	0.2	0.135773344831061
0.05	90	0.3	0.149200017759857
0.05	90	0.4	0.14671358123328
0.05	90	0.5	0.167327447668019
0.05	90	0.6	0.172886331463296
0.05	90	0.7	0.172868939220316
0.05	90	0.8	0.172882850819861
0.05	90	0.9	0.172886087587878
0.05	90	1	0.172900480326315
0.05	100	0.1	0.158458855003023
0.05	100	0.2	0.133164176099689
0.05	100	0.3	0.150439427984334
0.05	100	0.4	0.144763167240626
0.05	100	0.5	0.166600468922988
0.05	100	0.6	0.169076948637987
0.05	100	0.7	0.16908326854624
0.05	100	0.8	0.169082068526308
0.05	100	0.9	0.169083733971458
0.05	100	1	0.169084588512792
0.05	150	0.1	0.150697418532653
0.05	150	0.2	0.137874940862675
0.05	150	0.3	0.146104674742754
0.05	150	0.4	0.155513591521389
0.05	150	0.5	0.156140900864419
0.05	150	0.6	0.156114567964718
0.05	150	0.7	0.156135471534474
0.05	150	0.8	0.156123868006443
0.05	150	0.9	0.156131181529313
0.05	150	1	0.156120229656486
0.05	200	0.1	0.143599868474991
0.05	200	0.2	0.139919423648125
0.05	200	0.3	0.14146620619167
0.05	200	0.4	0.162069987240968
0.05	200	0.5	0.15911951959445
0.05	200	0.6	0.159140783369781
0.05	200	0.7	0.15914538014458
0.05	200	0.8	0.159138137196944
0.05	200	0.9	0.159133138359155
0.05	200	1	0.1591322826267
0.05	500	0.1	0.122971667758281
0.05	500	0.2	0.137182700497005
0.05	500	0.3	0.137625293118487
0.05	500	0.4	0.138945809910244
0.05	500	0.5	0.138908133699369
0.05	500	0.6	0.138886378142318
0.05	500	0.7	0.138901473047826
0.05	500	0.8	0.138886556378209
0.05	500	0.9	0.138894523423272
0.05	500	1	0.13890770987937
0.05	1000	0.1	0.130746275627025
0.05	1000	0.2	0.130435915134179
0.05	1000	0.3	0.121116075899655
0.05	1000	0.4	0.121104664373329
0.05	1000	0.5	0.121081763651524
0.05	1000	0.6	0.121101706370249
0.05	1000	0.7	0.121097692852178
0.05	1000	0.8	0.121109896876827
0.05	1000	0.9	0.121109570503781
0.05	1000	1	0.121104098443298
0.1	0.01	0.1	0.0905555559809297
0.1	0.01	0.2	0.147197387666855
0.1	0.01	0.3	0.143726524406473
0.1	0.01	0.4	0.187895832369814
0.1	0.01	0.5	0.182514503937572
0.1	0.01	0.6	0.189624115420926
0.1	0.01	0.7	0.157197253762383
0.1	0.01	0.8	0.187759515424188
0.1	0.01	0.9	0.164706021302741
0.1	0.01	1	0.146233281936193
0.1	0.1	0.1	0.0790094372797424
0.1	0.1	0.2	0.137946465460278
0.1	0.1	0.3	0.169573911967293
0.1	0.1	0.4	0.152506336914376
0.1	0.1	0.5	0.197351925114743
0.1	0.1	0.6	0.164715656451003
0.1	0.1	0.7	0.176127246505389
0.1	0.1	0.8	0.174418943321171
0.1	0.1	0.9	0.184293059965368
0.1	0.1	1	0.16952664371872
0.1	1	0.1	0.105133367340335
0.1	1	0.2	0.118745670158072
0.1	1	0.3	0.151265427623213
0.1	1	0.4	0.180430679048772
0.1	1	0.5	0.175541027651829
0.1	1	0.6	0.175519690271021
0.1	1	0.7	0.169397791143637
0.1	1	0.8	0.171476728348883
0.1	1	0.9	0.148816601727615
0.1	1	1	0.133691193300676
0.1	10	0.1	0.109383159519731
0.1	10	0.2	0.14476782172865
0.1	10	0.3	0.130295076243393
0.1	10	0.4	0.152074067205436
0.1	10	0.5	0.163758366524239
0.1	10	0.6	0.161940765155472
0.1	10	0.7	0.155886843337739
0.1	10	0.8	0.163145595321948
0.1	10	0.9	0.159830482231057
0.1	10	1	0.15979549003214
0.1	20	0.1	0.145650355851682
0.1	20	0.2	0.141698655863924
0.1	20	0.3	0.148243480907851
0.1	20	0.4	0.170353966941132
0.1	20	0.5	0.180857156457226
0.1	20	0.6	0.145606199529813
0.1	20	0.7	0.154416005704139
0.1	20	0.8	0.153775650522284
0.1	20	0.9	0.153758451565722
0.1	20	1	0.153733542804333
0.1	30	0.1	0.14772990125034
0.1	30	0.2	0.157336477639208
0.1	30	0.3	0.157933094534292
0.1	30	0.4	0.158906913729797
0.1	30	0.5	0.165129657566267
0.1	30	0.6	0.139494013731248
0.1	30	0.7	0.15147531672646
0.1	30	0.8	0.148134332773666
0.1	30	0.9	0.148135500399055
0.1	30	1	0.148100432805622
0.1	40	0.1	0.145718302979551
0.1	40	0.2	0.149623517154924
0.1	40	0.3	0.152985893940472
0.1	40	0.4	0.176294968508399
0.1	40	0.5	0.14862536072308
0.1	40	0.6	0.139051971912037
0.1	40	0.7	0.151650977713327
0.1	40	0.8	0.151653602601117
0.1	40	0.9	0.151653902690317
0.1	40	1	0.151634863103286
0.1	50	0.1	0.165525982665065
0.1	50	0.2	0.157686829975202
0.1	50	0.3	0.154879874822591
0.1	50	0.4	0.17594487894129
0.1	50	0.5	0.151853647163266
0.1	50	0.6	0.14955971272203
0.1	50	0.7	0.155073436997637
0.1	50	0.8	0.15508863774039
0.1	50	0.9	0.155065892400297
0.1	50	1	0.15505469770857
0.1	60	0.1	0.166000517041672
0.1	60	0.2	0.158131751768547
0.1	60	0.3	0.153722301462622
0.1	60	0.4	0.161720165947044
0.1	60	0.5	0.152839802574111
0.1	60	0.6	0.169296238763067
0.1	60	0.7	0.172281043061098
0.1	60	0.8	0.172282301968294
0.1	60	0.9	0.17228461786637
0.1	60	1	0.17226352237652
0.1	70	0.1	0.165952999266669
0.1	70	0.2	0.157122753407158
0.1	70	0.3	0.145509589466796
0.1	70	0.4	0.147237365732305
0.1	70	0.5	0.156011690354343
0.1	70	0.6	0.170454982993923
0.1	70	0.7	0.170449984314013
0.1	70	0.8	0.170456283442934
0.1	70	0.9	0.170463769590318
0.1	70	1	0.170450158834436
0.1	80	0.1	0.166492573874685
0.1	80	0.2	0.143530462286593
0.1	80	0.3	0.141100430756883
0.1	80	0.4	0.151543991636876
0.1	80	0.5	0.159900877776335
0.1	80	0.6	0.168975909384129
0.1	80	0.7	0.168947283905746
0.1	80	0.8	0.168978141622242
0.1	80	0.9	0.168980018195095
0.1	80	1	0.168974318385171
0.1	90	0.1	0.162824936602712
0.1	90	0.2	0.135773344831061
0.1	90	0.3	0.149200017759857
0.1	90	0.4	0.14671358123328
0.1	90	0.5	0.167327447668019
0.1	90	0.6	0.172886331463296
0.1	90	0.7	0.172868939220316
0.1	90	0.8	0.172882850819861
0.1	90	0.9	0.172886087587878
0.1	90	1	0.172900480326315
0.1	100	0.1	0.158458855003023
0.1	100	0.2	0.133164176099689
0.1	100	0.3	0.150439427984334
0.1	100	0.4	0.144763167240626
0.1	100	0.5	0.166600468922988
0.1	100	0.6	0.169076948637987
0.1	100	0.7	0.16908326854624
0.1	100	0.8	0.169082068526308
0.1	100	0.9	0.169083733971458
0.1	100	1	0.169084588512792
0.1	150	0.1	0.150697418532653
0.1	150	0.2	0.137874940862675
0.1	150	0.3	0.146104674742754
0.1	150	0.4	0.155513591521389
0.1	150	0.5	0.156140900864419
0.1	150	0.6	0.156114567964718
0.1	150	0.7	0.156135471534474
0.1	150	0.8	0.156123868006443
0.1	150	0.9	0.156131181529313
0.1	150	1	0.156120229656486
0.1	200	0.1	0.143599868474991
0.1	200	0.2	0.139919423648125
0.1	200	0.3	0.14146620619167
0.1	200	0.4	0.162069987240968
0.1	200	0.5	0.15911951959445
0.1	200	0.6	0.159140783369781
0.1	200	0.7	0.15914538014458
0.1	200	0.8	0.159138137196944
0.1	200	0.9	0.159133138359155
0.1	200	1	0.1591322826267
0.1	500	0.1	0.122971667758281
0.1	500	0.2	0.137182700497005
0.1	500	0.3	0.137625293118487
0.1	500	0.4	0.138945809910244
0.1	500	0.5	0.138908133699369
0.1	500	0.6	0.138886378142318
0.1	500	0.7	0.138901473047826
0.1	500	0.8	0.138886556378209
0.1	500	0.9	0.138894523423272
0.1	500	1	0.13890770987937
0.1	1000	0.1	0.130746275627025
0.1	1000	0.2	0.130435915134179
0.1	1000	0.3	0.121116075899655
0.1	1000	0.4	0.121104664373329
0.1	1000	0.5	0.121081763651524
0.1	1000	0.6	0.121101706370249
0.1	1000	0.7	0.121097692852178
0.1	1000	0.8	0.121109896876827
0.1	1000	0.9	0.121109570503781
0.1	1000	1	0.121104098443298
0.5	0.01	0.1	0.0905555559809297
0.5	0.01	0.2	0.147197387666855
0.5	0.01	0.3	0.143726524406473
0.5	0.01	0.4	0.187895832369814
0.5	0.01	0.5	0.182514503937572
0.5	0.01	0.6	0.189624115420926
0.5	0.01	0.7	0.157197253762383
0.5	0.01	0.8	0.187759515424188
0.5	0.01	0.9	0.164706021302741
0.5	0.01	1	0.146233281936193
0.5	0.1	0.1	0.0790094372797424
0.5	0.1	0.2	0.137946465460278
0.5	0.1	0.3	0.169573911967293
0.5	0.1	0.4	0.152506336914376
0.5	0.1	0.5	0.197351925114743
0.5	0.1	0.6	0.164715656451003
0.5	0.1	0.7	0.176127246505389
0.5	0.1	0.8	0.174418943321171
0.5	0.1	0.9	0.184293059965368
0.5	0.1	1	0.16952664371872
0.5	1	0.1	0.105133367340335
0.5	1	0.2	0.118745670158072
0.5	1	0.3	0.151265427623213
0.5	1	0.4	0.180430679048772
0.5	1	0.5	0.175541027651829
0.5	1	0.6	0.175519690271021
0.5	1	0.7	0.169397791143637
0.5	1	0.8	0.171476728348883
0.5	1	0.9	0.148816601727615
0.5	1	1	0.133691193300676
0.5	10	0.1	0.109383159519731
0.5	10	0.2	0.14476782172865
0.5	10	0.3	0.130295076243393
0.5	10	0.4	0.152074067205436
0.5	10	0.5	0.163758366524239
0.5	10	0.6	0.161940765155472
0.5	10	0.7	0.155886843337739
0.5	10	0.8	0.163145595321948
0.5	10	0.9	0.159830482231057
0.5	10	1	0.15979549003214
0.5	20	0.1	0.145650355851682
0.5	20	0.2	0.141698655863924
0.5	20	0.3	0.148243480907851
0.5	20	0.4	0.170353966941132
0.5	20	0.5	0.180857156457226
0.5	20	0.6	0.145606199529813
0.5	20	0.7	0.154416005704139
0.5	20	0.8	0.153775650522284
0.5	20	0.9	0.153758451565722
0.5	20	1	0.153733542804333
0.5	30	0.1	0.14772990125034
0.5	30	0.2	0.157336477639208
0.5	30	0.3	0.157933094534292
0.5	30	0.4	0.158906913729797
0.5	30	0.5	0.165129657566267
0.5	30	0.6	0.139494013731248
0.5	30	0.7	0.15147531672646
0.5	30	0.8	0.148134332773666
0.5	30	0.9	0.148135500399055
0.5	30	1	0.148100432805622
0.5	40	0.1	0.145718302979551
0.5	40	0.2	0.149623517154924
0.5	40	0.3	0.152985893940472
0.5	40	0.4	0.176294968508399
0.5	40	0.5	0.14862536072308
0.5	40	0.6	0.139051971912037
0.5	40	0.7	0.151650977713327
0.5	40	0.8	0.151653602601117
0.5	40	0.9	0.151653902690317
0.5	40	1	0.151634863103286
0.5	50	0.1	0.165525982665065
0.5	50	0.2	0.157686829975202
0.5	50	0.3	0.154879874822591
0.5	50	0.4	0.17594487894129
0.5	50	0.5	0.151853647163266
0.5	50	0.6	0.14955971272203
0.5	50	0.7	0.155073436997637
0.5	50	0.8	0.15508863774039
0.5	50	0.9	0.155065892400297
0.5	50	1	0.15505469770857
0.5	60	0.1	0.166000517041672
0.5	60	0.2	0.158131751768547
0.5	60	0.3	0.153722301462622
0.5	60	0.4	0.161720165947044
0.5	60	0.5	0.152839802574111
0.5	60	0.6	0.169296238763067
0.5	60	0.7	0.172281043061098
0.5	60	0.8	0.172282301968294
0.5	60	0.9	0.17228461786637
0.5	60	1	0.17226352237652
0.5	70	0.1	0.165952999266669
0.5	70	0.2	0.157122753407158
0.5	70	0.3	0.145509589466796
0.5	70	0.4	0.147237365732305
0.5	70	0.5	0.156011690354343
0.5	70	0.6	0.170454982993923
0.5	70	0.7	0.170449984314013
0.5	70	0.8	0.170456283442934
0.5	70	0.9	0.170463769590318
0.5	70	1	0.170450158834436
0.5	80	0.1	0.166492573874685
0.5	80	0.2	0.143530462286593
0.5	80	0.3	0.141100430756883
0.5	80	0.4	0.151543991636876
0.5	80	0.5	0.159900877776335
0.5	80	0.6	0.168975909384129
0.5	80	0.7	0.168947283905746
0.5	80	0.8	0.168978141622242
0.5	80	0.9	0.168980018195095
0.5	80	1	0.168974318385171
0.5	90	0.1	0.162824936602712
0.5	90	0.2	0.135773344831061
0.5	90	0.3	0.149200017759857
0.5	90	0.4	0.14671358123328
0.5	90	0.5	0.167327447668019
0.5	90	0.6	0.172886331463296
0.5	90	0.7	0.172868939220316
0.5	90	0.8	0.172882850819861
0.5	90	0.9	0.172886087587878
0.5	90	1	0.172900480326315
0.5	100	0.1	0.158458855003023
0.5	100	0.2	0.133164176099689
0.5	100	0.3	0.150439427984334
0.5	100	0.4	0.144763167240626
0.5	100	0.5	0.166600468922988
0.5	100	0.6	0.169076948637987
0.5	100	0.7	0.16908326854624
0.5	100	0.8	0.169082068526308
0.5	100	0.9	0.169083733971458
0.5	100	1	0.169084588512792
0.5	150	0.1	0.150697418532653
0.5	150	0.2	0.137874940862675
0.5	150	0.3	0.146104674742754
0.5	150	0.4	0.155513591521389
0.5	150	0.5	0.156140900864419
0.5	150	0.6	0.156114567964718
0.5	150	0.7	0.156135471534474
0.5	150	0.8	0.156123868006443
0.5	150	0.9	0.156131181529313
0.5	150	1	0.156120229656486
0.5	200	0.1	0.143599868474991
0.5	200	0.2	0.139919423648125
0.5	200	0.3	0.14146620619167
0.5	200	0.4	0.162069987240968
0.5	200	0.5	0.15911951959445
0.5	200	0.6	0.159140783369781
0.5	200	0.7	0.15914538014458
0.5	200	0.8	0.159138137196944
0.5	200	0.9	0.159133138359155
0.5	200	1	0.1591322826267
0.5	500	0.1	0.122971667758281
0.5	500	0.2	0.137182700497005
0.5	500	0.3	0.137625293118487
0.5	500	0.4	0.138945809910244
0.5	500	0.5	0.138908133699369
0.5	500	0.6	0.138886378142318
0.5	500	0.7	0.138901473047826
0.5	500	0.8	0.138886556378209
0.5	500	0.9	0.138894523423272
0.5	500	1	0.13890770987937
0.5	1000	0.1	0.130746275627025
0.5	1000	0.2	0.130435915134179
0.5	1000	0.3	0.121116075899655
0.5	1000	0.4	0.121104664373329
0.5	1000	0.5	0.121081763651524
0.5	1000	0.6	0.121101706370249
0.5	1000	0.7	0.121097692852178
0.5	1000	0.8	0.121109896876827
0.5	1000	0.9	0.121109570503781
0.5	1000	1	0.121104098443298
1	0.01	0.1	0.0905555559809297
1	0.01	0.2	0.147197387666855
1	0.01	0.3	0.143726524406473
1	0.01	0.4	0.187895832369814
1	0.01	0.5	0.182514503937572
1	0.01	0.6	0.189624115420926
1	0.01	0.7	0.157197253762383
1	0.01	0.8	0.187759515424188
1	0.01	0.9	0.164706021302741
1	0.01	1	0.146233281936193
1	0.1	0.1	0.0790094372797424
1	0.1	0.2	0.137946465460278
1	0.1	0.3	0.169573911967293
1	0.1	0.4	0.152506336914376
1	0.1	0.5	0.197351925114743
1	0.1	0.6	0.164715656451003
1	0.1	0.7	0.176127246505389
1	0.1	0.8	0.174418943321171
1	0.1	0.9	0.184293059965368
1	0.1	1	0.16952664371872
1	1	0.1	0.105133367340335
1	1	0.2	0.118745670158072
1	1	0.3	0.151265427623213
1	1	0.4	0.180430679048772
1	1	0.5	0.175541027651829
1	1	0.6	0.175519690271021
1	1	0.7	0.169397791143637
1	1	0.8	0.171476728348883
1	1	0.9	0.148816601727615
1	1	1	0.133691193300676
1	10	0.1	0.109383159519731
1	10	0.2	0.14476782172865
1	10	0.3	0.130295076243393
1	10	0.4	0.152074067205436
1	10	0.5	0.163758366524239
1	10	0.6	0.161940765155472
1	10	0.7	0.155886843337739
1	10	0.8	0.163145595321948
1	10	0.9	0.159830482231057
1	10	1	0.15979549003214
1	20	0.1	0.145650355851682
1	20	0.2	0.141698655863924
1	20	0.3	0.148243480907851
1	20	0.4	0.170353966941132
1	20	0.5	0.180857156457226
1	20	0.6	0.145606199529813
1	20	0.7	0.154416005704139
1	20	0.8	0.153775650522284
1	20	0.9	0.153758451565722
1	20	1	0.153733542804333
1	30	0.1	0.14772990125034
1	30	0.2	0.157336477639208
1	30	0.3	0.157933094534292
1	30	0.4	0.158906913729797
1	30	0.5	0.165129657566267
1	30	0.6	0.139494013731248
1	30	0.7	0.15147531672646
1	30	0.8	0.148134332773666
1	30	0.9	0.148135500399055
1	30	1	0.148100432805622
1	40	0.1	0.145718302979551
1	40	0.2	0.149623517154924
1	40	0.3	0.152985893940472
1	40	0.4	0.176294968508399
1	40	0.5	0.14862536072308
1	40	0.6	0.139051971912037
1	40	0.7	0.151650977713327
1	40	0.8	0.151653602601117
1	40	0.9	0.151653902690317
1	40	1	0.151634863103286
1	50	0.1	0.165525982665065
1	50	0.2	0.157686829975202
1	50	0.3	0.154879874822591
1	50	0.4	0.17594487894129
1	50	0.5	0.151853647163266
1	50	0.6	0.14955971272203
1	50	0.7	0.155073436997637
1	50	0.8	0.15508863774039
1	50	0.9	0.155065892400297
1	50	1	0.15505469770857
1	60	0.1	0.166000517041672
1	60	0.2	0.158131751768547
1	60	0.3	0.153722301462622
1	60	0.4	0.161720165947044
1	60	0.5	0.152839802574111
1	60	0.6	0.169296238763067
1	60	0.7	0.172281043061098
1	60	0.8	0.172282301968294
1	60	0.9	0.17228461786637
1	60	1	0.17226352237652
1	70	0.1	0.165952999266669
1	70	0.2	0.157122753407158
1	70	0.3	0.145509589466796
1	70	0.4	0.147237365732305
1	70	0.5	0.156011690354343
1	70	0.6	0.170454982993923
1	70	0.7	0.170449984314013
1	70	0.8	0.170456283442934
1	70	0.9	0.170463769590318
1	70	1	0.170450158834436
1	80	0.1	0.166492573874685
1	80	0.2	0.143530462286593
1	80	0.3	0.141100430756883
1	80	0.4	0.151543991636876
1	80	0.5	0.159900877776335
1	80	0.6	0.168975909384129
1	80	0.7	0.168947283905746
1	80	0.8	0.168978141622242
1	80	0.9	0.168980018195095
1	80	1	0.168974318385171
1	90	0.1	0.162824936602712
1	90	0.2	0.135773344831061
1	90	0.3	0.149200017759857
1	90	0.4	0.14671358123328
1	90	0.5	0.167327447668019
1	90	0.6	0.172886331463296
1	90	0.7	0.172868939220316
1	90	0.8	0.172882850819861
1	90	0.9	0.172886087587878
1	90	1	0.172900480326315
1	100	0.1	0.158458855003023
1	100	0.2	0.133164176099689
1	100	0.3	0.150439427984334
1	100	0.4	0.144763167240626
1	100	0.5	0.166600468922988
1	100	0.6	0.169076948637987
1	100	0.7	0.16908326854624
1	100	0.8	0.169082068526308
1	100	0.9	0.169083733971458
1	100	1	0.169084588512792
1	150	0.1	0.150697418532653
1	150	0.2	0.137874940862675
1	150	0.3	0.146104674742754
1	150	0.4	0.155513591521389
1	150	0.5	0.156140900864419
1	150	0.6	0.156114567964718
1	150	0.7	0.156135471534474
1	150	0.8	0.156123868006443
1	150	0.9	0.156131181529313
1	150	1	0.156120229656486
1	200	0.1	0.143599868474991
1	200	0.2	0.139919423648125
1	200	0.3	0.14146620619167
1	200	0.4	0.162069987240968
1	200	0.5	0.15911951959445
1	200	0.6	0.159140783369781
1	200	0.7	0.15914538014458
1	200	0.8	0.159138137196944
1	200	0.9	0.159133138359155
1	200	1	0.1591322826267
1	500	0.1	0.122971667758281
1	500	0.2	0.137182700497005
1	500	0.3	0.137625293118487
1	500	0.4	0.138945809910244
1	500	0.5	0.138908133699369
1	500	0.6	0.138886378142318
1	500	0.7	0.138901473047826
1	500	0.8	0.138886556378209
1	500	0.9	0.138894523423272
1	500	1	0.13890770987937
1	1000	0.1	0.130746275627025
1	1000	0.2	0.130435915134179
1	1000	0.3	0.121116075899655
1	1000	0.4	0.121104664373329
1	1000	0.5	0.121081763651524
1	1000	0.6	0.121101706370249
1	1000	0.7	0.121097692852178
1	1000	0.8	0.121109896876827
1	1000	0.9	0.121109570503781
1	1000	1	0.121104098443298
2	0.01	0.1	0.0905555559809297
2	0.01	0.2	0.147197387666855
2	0.01	0.3	0.143726524406473
2	0.01	0.4	0.187895832369814
2	0.01	0.5	0.182514503937572
2	0.01	0.6	0.189624115420926
2	0.01	0.7	0.157197253762383
2	0.01	0.8	0.187759515424188
2	0.01	0.9	0.164706021302741
2	0.01	1	0.146233281936193
2	0.1	0.1	0.0790094372797424
2	0.1	0.2	0.137946465460278
2	0.1	0.3	0.169573911967293
2	0.1	0.4	0.152506336914376
2	0.1	0.5	0.197351925114743
2	0.1	0.6	0.164715656451003
2	0.1	0.7	0.176127246505389
2	0.1	0.8	0.174418943321171
2	0.1	0.9	0.184293059965368
2	0.1	1	0.16952664371872
2	1	0.1	0.105133367340335
2	1	0.2	0.118745670158072
2	1	0.3	0.151265427623213
2	1	0.4	0.180430679048772
2	1	0.5	0.175541027651829
2	1	0.6	0.175519690271021
2	1	0.7	0.169397791143637
2	1	0.8	0.171476728348883
2	1	0.9	0.148816601727615
2	1	1	0.133691193300676
2	10	0.1	0.109383159519731
2	10	0.2	0.14476782172865
2	10	0.3	0.130295076243393
2	10	0.4	0.152074067205436
2	10	0.5	0.163758366524239
2	10	0.6	0.161940765155472
2	10	0.7	0.155886843337739
2	10	0.8	0.163145595321948
2	10	0.9	0.159830482231057
2	10	1	0.15979549003214
2	20	0.1	0.145650355851682
2	20	0.2	0.141698655863924
2	20	0.3	0.148243480907851
2	20	0.4	0.170353966941132
2	20	0.5	0.180857156457226
2	20	0.6	0.145606199529813
2	20	0.7	0.154416005704139
2	20	0.8	0.153775650522284
2	20	0.9	0.153758451565722
2	20	1	0.153733542804333
2	30	0.1	0.14772990125034
2	30	0.2	0.157336477639208
2	30	0.3	0.157933094534292
2	30	0.4	0.158906913729797
2	30	0.5	0.165129657566267
2	30	0.6	0.139494013731248
2	30	0.7	0.15147531672646
2	30	0.8	0.148134332773666
2	30	0.9	0.148135500399055
2	30	1	0.148100432805622
2	40	0.1	0.145718302979551
2	40	0.2	0.149623517154924
2	40	0.3	0.152985893940472
2	40	0.4	0.176294968508399
2	40	0.5	0.14862536072308
2	40	0.6	0.139051971912037
2	40	0.7	0.151650977713327
2	40	0.8	0.151653602601117
2	40	0.9	0.151653902690317
2	40	1	0.151634863103286
2	50	0.1	0.165525982665065
2	50	0.2	0.157686829975202
2	50	0.3	0.154879874822591
2	50	0.4	0.17594487894129
2	50	0.5	0.151853647163266
2	50	0.6	0.14955971272203
2	50	0.7	0.155073436997637
2	50	0.8	0.15508863774039
2	50	0.9	0.155065892400297
2	50	1	0.15505469770857
2	60	0.1	0.166000517041672
2	60	0.2	0.158131751768547
2	60	0.3	0.153722301462622
2	60	0.4	0.161720165947044
2	60	0.5	0.152839802574111
2	60	0.6	0.169296238763067
2	60	0.7	0.172281043061098
2	60	0.8	0.172282301968294
2	60	0.9	0.17228461786637
2	60	1	0.17226352237652
2	70	0.1	0.165952999266669
2	70	0.2	0.157122753407158
2	70	0.3	0.145509589466796
2	70	0.4	0.147237365732305
2	70	0.5	0.156011690354343
2	70	0.6	0.170454982993923
2	70	0.7	0.170449984314013
2	70	0.8	0.170456283442934
2	70	0.9	0.170463769590318
2	70	1	0.170450158834436
2	80	0.1	0.166492573874685
2	80	0.2	0.143530462286593
2	80	0.3	0.141100430756883
2	80	0.4	0.151543991636876
2	80	0.5	0.159900877776335
2	80	0.6	0.168975909384129
2	80	0.7	0.168947283905746
2	80	0.8	0.168978141622242
2	80	0.9	0.168980018195095
2	80	1	0.168974318385171
2	90	0.1	0.162824936602712
2	90	0.2	0.135773344831061
2	90	0.3	0.149200017759857
2	90	0.4	0.14671358123328
2	90	0.5	0.167327447668019
2	90	0.6	0.172886331463296
2	90	0.7	0.172868939220316
2	90	0.8	0.172882850819861
2	90	0.9	0.172886087587878
2	90	1	0.172900480326315
2	100	0.1	0.158458855003023
2	100	0.2	0.133164176099689
2	100	0.3	0.150439427984334
2	100	0.4	0.144763167240626
2	100	0.5	0.166600468922988
2	100	0.6	0.169076948637987
2	100	0.7	0.16908326854624
2	100	0.8	0.169082068526308
2	100	0.9	0.169083733971458
2	100	1	0.169084588512792
2	150	0.1	0.150697418532653
2	150	0.2	0.137874940862675
2	150	0.3	0.146104674742754
2	150	0.4	0.155513591521389
2	150	0.5	0.156140900864419
2	150	0.6	0.156114567964718
2	150	0.7	0.156135471534474
2	150	0.8	0.156123868006443
2	150	0.9	0.156131181529313
2	150	1	0.156120229656486
2	200	0.1	0.143599868474991
2	200	0.2	0.139919423648125
2	200	0.3	0.14146620619167
2	200	0.4	0.162069987240968
2	200	0.5	0.15911951959445
2	200	0.6	0.159140783369781
2	200	0.7	0.15914538014458
2	200	0.8	0.159138137196944
2	200	0.9	0.159133138359155
2	200	1	0.1591322826267
2	500	0.1	0.122971667758281
2	500	0.2	0.137182700497005
2	500	0.3	0.137625293118487
2	500	0.4	0.138945809910244
2	500	0.5	0.138908133699369
2	500	0.6	0.138886378142318
2	500	0.7	0.138901473047826
2	500	0.8	0.138886556378209
2	500	0.9	0.138894523423272
2	500	1	0.13890770987937
2	1000	0.1	0.130746275627025
2	1000	0.2	0.130435915134179
2	1000	0.3	0.121116075899655
2	1000	0.4	0.121104664373329
2	1000	0.5	0.121081763651524
2	1000	0.6	0.121101706370249
2	1000	0.7	0.121097692852178
2	1000	0.8	0.121109896876827
2	1000	0.9	0.121109570503781
2	1000	1	0.121104098443298
5	0.01	0.1	0.0905555559809297
5	0.01	0.2	0.147197387666855
5	0.01	0.3	0.143726524406473
5	0.01	0.4	0.187895832369814
5	0.01	0.5	0.182514503937572
5	0.01	0.6	0.189624115420926
5	0.01	0.7	0.157197253762383
5	0.01	0.8	0.187759515424188
5	0.01	0.9	0.164706021302741
5	0.01	1	0.146233281936193
5	0.1	0.1	0.0790094372797424
5	0.1	0.2	0.137946465460278
5	0.1	0.3	0.169573911967293
5	0.1	0.4	0.152506336914376
5	0.1	0.5	0.197351925114743
5	0.1	0.6	0.164715656451003
5	0.1	0.7	0.176127246505389
5	0.1	0.8	0.174418943321171
5	0.1	0.9	0.184293059965368
5	0.1	1	0.16952664371872
5	1	0.1	0.105133367340335
5	1	0.2	0.118745670158072
5	1	0.3	0.151265427623213
5	1	0.4	0.180430679048772
5	1	0.5	0.175541027651829
5	1	0.6	0.175519690271021
5	1	0.7	0.169397791143637
5	1	0.8	0.171476728348883
5	1	0.9	0.148816601727615
5	1	1	0.133691193300676
5	10	0.1	0.109383159519731
5	10	0.2	0.14476782172865
5	10	0.3	0.130295076243393
5	10	0.4	0.152074067205436
5	10	0.5	0.163758366524239
5	10	0.6	0.161940765155472
5	10	0.7	0.155886843337739
5	10	0.8	0.163145595321948
5	10	0.9	0.159830482231057
5	10	1	0.15979549003214
5	20	0.1	0.145650355851682
5	20	0.2	0.141698655863924
5	20	0.3	0.148243480907851
5	20	0.4	0.170353966941132
5	20	0.5	0.180857156457226
5	20	0.6	0.145606199529813
5	20	0.7	0.154416005704139
5	20	0.8	0.153775650522284
5	20	0.9	0.153758451565722
5	20	1	0.153733542804333
5	30	0.1	0.14772990125034
5	30	0.2	0.157336477639208
5	30	0.3	0.157933094534292
5	30	0.4	0.158906913729797
5	30	0.5	0.165129657566267
5	30	0.6	0.139494013731248
5	30	0.7	0.15147531672646
5	30	0.8	0.148134332773666
5	30	0.9	0.148135500399055
5	30	1	0.148100432805622
5	40	0.1	0.145718302979551
5	40	0.2	0.149623517154924
5	40	0.3	0.152985893940472
5	40	0.4	0.176294968508399
5	40	0.5	0.14862536072308
5	40	0.6	0.139051971912037
5	40	0.7	0.151650977713327
5	40	0.8	0.151653602601117
5	40	0.9	0.151653902690317
5	40	1	0.151634863103286
5	50	0.1	0.165525982665065
5	50	0.2	0.157686829975202
5	50	0.3	0.154879874822591
5	50	0.4	0.17594487894129
5	50	0.5	0.151853647163266
5	50	0.6	0.14955971272203
5	50	0.7	0.155073436997637
5	50	0.8	0.15508863774039
5	50	0.9	0.155065892400297
5	50	1	0.15505469770857
5	60	0.1	0.166000517041672
5	60	0.2	0.158131751768547
5	60	0.3	0.153722301462622
5	60	0.4	0.161720165947044
5	60	0.5	0.152839802574111
5	60	0.6	0.169296238763067
5	60	0.7	0.172281043061098
5	60	0.8	0.172282301968294
5	60	0.9	0.17228461786637
5	60	1	0.17226352237652
5	70	0.1	0.165952999266669
5	70	0.2	0.157122753407158
5	70	0.3	0.145509589466796
5	70	0.4	0.147237365732305
5	70	0.5	0.156011690354343
5	70	0.6	0.170454982993923
5	70	0.7	0.170449984314013
5	70	0.8	0.170456283442934
5	70	0.9	0.170463769590318
5	70	1	0.170450158834436
5	80	0.1	0.166492573874685
5	80	0.2	0.143530462286593
5	80	0.3	0.141100430756883
5	80	0.4	0.151543991636876
5	80	0.5	0.159900877776335
5	80	0.6	0.168975909384129
5	80	0.7	0.168947283905746
5	80	0.8	0.168978141622242
5	80	0.9	0.168980018195095
5	80	1	0.168974318385171
5	90	0.1	0.162824936602712
5	90	0.2	0.135773344831061
5	90	0.3	0.149200017759857
5	90	0.4	0.14671358123328
5	90	0.5	0.167327447668019
5	90	0.6	0.172886331463296
5	90	0.7	0.172868939220316
5	90	0.8	0.172882850819861
5	90	0.9	0.172886087587878
5	90	1	0.172900480326315
5	100	0.1	0.158458855003023
5	100	0.2	0.133164176099689
5	100	0.3	0.150439427984334
5	100	0.4	0.144763167240626
5	100	0.5	0.166600468922988
5	100	0.6	0.169076948637987
5	100	0.7	0.16908326854624
5	100	0.8	0.169082068526308
5	100	0.9	0.169083733971458
5	100	1	0.169084588512792
5	150	0.1	0.150697418532653
5	150	0.2	0.137874940862675
5	150	0.3	0.146104674742754
5	150	0.4	0.155513591521389
5	150	0.5	0.156140900864419
5	150	0.6	0.156114567964718
5	150	0.7	0.156135471534474
5	150	0.8	0.156123868006443
5	150	0.9	0.156131181529313
5	150	1	0.156120229656486
5	200	0.1	0.143599868474991
5	200	0.2	0.139919423648125
5	200	0.3	0.14146620619167
5	200	0.4	0.162069987240968
5	200	0.5	0.15911951959445
5	200	0.6	0.159140783369781
5	200	0.7	0.15914538014458
5	200	0.8	0.159138137196944
5	200	0.9	0.159133138359155
5	200	1	0.1591322826267
5	500	0.1	0.122971667758281
5	500	0.2	0.137182700497005
5	500	0.3	0.137625293118487
5	500	0.4	0.138945809910244
5	500	0.5	0.138908133699369
5	500	0.6	0.138886378142318
5	500	0.7	0.138901473047826
5	500	0.8	0.138886556378209
5	500	0.9	0.138894523423272
5	500	1	0.13890770987937
5	1000	0.1	0.130746275627025
5	1000	0.2	0.130435915134179
5	1000	0.3	0.121116075899655
5	1000	0.4	0.121104664373329
5	1000	0.5	0.121081763651524
5	1000	0.6	0.121101706370249
5	1000	0.7	0.121097692852178
5	1000	0.8	0.121109896876827
5	1000	0.9	0.121109570503781
5	1000	1	0.121104098443298
10	0.01	0.1	0.0905555559809297
10	0.01	0.2	0.147197387666855
10	0.01	0.3	0.143726524406473
10	0.01	0.4	0.187895832369814
10	0.01	0.5	0.182514503937572
10	0.01	0.6	0.189624115420926
10	0.01	0.7	0.157197253762383
10	0.01	0.8	0.187759515424188
10	0.01	0.9	0.164706021302741
10	0.01	1	0.146233281936193
10	0.1	0.1	0.0790094372797424
10	0.1	0.2	0.137946465460278
10	0.1	0.3	0.169573911967293
10	0.1	0.4	0.152506336914376
10	0.1	0.5	0.197351925114743
10	0.1	0.6	0.164715656451003
10	0.1	0.7	0.176127246505389
10	0.1	0.8	0.174418943321171
10	0.1	0.9	0.184293059965368
10	0.1	1	0.16952664371872
10	1	0.1	0.105133367340335
10	1	0.2	0.118745670158072
10	1	0.3	0.151265427623213
10	1	0.4	0.180430679048772
10	1	0.5	0.175541027651829
10	1	0.6	0.175519690271021
10	1	0.7	0.169397791143637
10	1	0.8	0.171476728348883
10	1	0.9	0.148816601727615
10	1	1	0.133691193300676
10	10	0.1	0.109383159519731
10	10	0.2	0.14476782172865
10	10	0.3	0.130295076243393
10	10	0.4	0.152074067205436
10	10	0.5	0.163758366524239
10	10	0.6	0.161940765155472
10	10	0.7	0.155886843337739
10	10	0.8	0.163145595321948
10	10	0.9	0.159830482231057
10	10	1	0.15979549003214
10	20	0.1	0.145650355851682
10	20	0.2	0.141698655863924
10	20	0.3	0.148243480907851
10	20	0.4	0.170353966941132
10	20	0.5	0.180857156457226
10	20	0.6	0.145606199529813
10	20	0.7	0.154416005704139
10	20	0.8	0.153775650522284
10	20	0.9	0.153758451565722
10	20	1	0.153733542804333
10	30	0.1	0.14772990125034
10	30	0.2	0.157336477639208
10	30	0.3	0.157933094534292
10	30	0.4	0.158906913729797
10	30	0.5	0.165129657566267
10	30	0.6	0.139494013731248
10	30	0.7	0.15147531672646
10	30	0.8	0.148134332773666
10	30	0.9	0.148135500399055
10	30	1	0.148100432805622
10	40	0.1	0.145718302979551
10	40	0.2	0.149623517154924
10	40	0.3	0.152985893940472
10	40	0.4	0.176294968508399
10	40	0.5	0.14862536072308
10	40	0.6	0.139051971912037
10	40	0.7	0.151650977713327
10	40	0.8	0.151653602601117
10	40	0.9	0.151653902690317
10	40	1	0.151634863103286
10	50	0.1	0.165525982665065
10	50	0.2	0.157686829975202
10	50	0.3	0.154879874822591
10	50	0.4	0.17594487894129
10	50	0.5	0.151853647163266
10	50	0.6	0.14955971272203
10	50	0.7	0.155073436997637
10	50	0.8	0.15508863774039
10	50	0.9	0.155065892400297
10	50	1	0.15505469770857
10	60	0.1	0.166000517041672
10	60	0.2	0.158131751768547
10	60	0.3	0.153722301462622
10	60	0.4	0.161720165947044
10	60	0.5	0.152839802574111
10	60	0.6	0.169296238763067
10	60	0.7	0.172281043061098
10	60	0.8	0.172282301968294
10	60	0.9	0.17228461786637
10	60	1	0.17226352237652
10	70	0.1	0.165952999266669
10	70	0.2	0.157122753407158
10	70	0.3	0.145509589466796
10	70	0.4	0.147237365732305
10	70	0.5	0.156011690354343
10	70	0.6	0.170454982993923
10	70	0.7	0.170449984314013
10	70	0.8	0.170456283442934
10	70	0.9	0.170463769590318
10	70	1	0.170450158834436
10	80	0.1	0.166492573874685
10	80	0.2	0.143530462286593
10	80	0.3	0.141100430756883
10	80	0.4	0.151543991636876
10	80	0.5	0.159900877776335
10	80	0.6	0.168975909384129
10	80	0.7	0.168947283905746
10	80	0.8	0.168978141622242
10	80	0.9	0.168980018195095
10	80	1	0.168974318385171
10	90	0.1	0.162824936602712
10	90	0.2	0.135773344831061
10	90	0.3	0.149200017759857
10	90	0.4	0.14671358123328
10	90	0.5	0.167327447668019
10	90	0.6	0.172886331463296
10	90	0.7	0.172868939220316
10	90	0.8	0.172882850819861
10	90	0.9	0.172886087587878
10	90	1	0.172900480326315
10	100	0.1	0.158458855003023
10	100	0.2	0.133164176099689
10	100	0.3	0.150439427984334
10	100	0.4	0.144763167240626
10	100	0.5	0.166600468922988
10	100	0.6	0.169076948637987
10	100	0.7	0.16908326854624
10	100	0.8	0.169082068526308
10	100	0.9	0.169083733971458
10	100	1	0.169084588512792
10	150	0.1	0.150697418532653
10	150	0.2	0.137874940862675
10	150	0.3	0.146104674742754
10	150	0.4	0.155513591521389
10	150	0.5	0.156140900864419
10	150	0.6	0.156114567964718
10	150	0.7	0.156135471534474
10	150	0.8	0.156123868006443
10	150	0.9	0.156131181529313
10	150	1	0.156120229656486
10	200	0.1	0.143599868474991
10	200	0.2	0.139919423648125
10	200	0.3	0.14146620619167
10	200	0.4	0.162069987240968
10	200	0.5	0.15911951959445
10	200	0.6	0.159140783369781
10	200	0.7	0.15914538014458
10	200	0.8	0.159138137196944
10	200	0.9	0.159133138359155
10	200	1	0.1591322826267
10	500	0.1	0.122971667758281
10	500	0.2	0.137182700497005
10	500	0.3	0.137625293118487
10	500	0.4	0.138945809910244
10	500	0.5	0.138908133699369
10	500	0.6	0.138886378142318
10	500	0.7	0.138901473047826
10	500	0.8	0.138886556378209
10	500	0.9	0.138894523423272
10	500	1	0.13890770987937
10	1000	0.1	0.130746275627025
10	1000	0.2	0.130435915134179
10	1000	0.3	0.121116075899655
10	1000	0.4	0.121104664373329
10	1000	0.5	0.121081763651524
10	1000	0.6	0.121101706370249
10	1000	0.7	0.121097692852178
10	1000	0.8	0.121109896876827
10	1000	0.9	0.121109570503781
10	1000	1	0.121104098443298
20	0.01	0.1	0.0905555559809297
20	0.01	0.2	0.147197387666855
20	0.01	0.3	0.143726524406473
20	0.01	0.4	0.187895832369814
20	0.01	0.5	0.182514503937572
20	0.01	0.6	0.189624115420926
20	0.01	0.7	0.157197253762383
20	0.01	0.8	0.187759515424188
20	0.01	0.9	0.164706021302741
20	0.01	1	0.146233281936193
20	0.1	0.1	0.0790094372797424
20	0.1	0.2	0.137946465460278
20	0.1	0.3	0.169573911967293
20	0.1	0.4	0.152506336914376
20	0.1	0.5	0.197351925114743
20	0.1	0.6	0.164715656451003
20	0.1	0.7	0.176127246505389
20	0.1	0.8	0.174418943321171
20	0.1	0.9	0.184293059965368
20	0.1	1	0.16952664371872
20	1	0.1	0.105133367340335
20	1	0.2	0.118745670158072
20	1	0.3	0.151265427623213
20	1	0.4	0.180430679048772
20	1	0.5	0.175541027651829
20	1	0.6	0.175519690271021
20	1	0.7	0.169397791143637
20	1	0.8	0.171476728348883
20	1	0.9	0.148816601727615
20	1	1	0.133691193300676
20	10	0.1	0.109383159519731
20	10	0.2	0.14476782172865
20	10	0.3	0.130295076243393
20	10	0.4	0.152074067205436
20	10	0.5	0.163758366524239
20	10	0.6	0.161940765155472
20	10	0.7	0.155886843337739
20	10	0.8	0.163145595321948
20	10	0.9	0.159830482231057
20	10	1	0.15979549003214
20	20	0.1	0.145650355851682
20	20	0.2	0.141698655863924
20	20	0.3	0.148243480907851
20	20	0.4	0.170353966941132
20	20	0.5	0.180857156457226
20	20	0.6	0.145606199529813
20	20	0.7	0.154416005704139
20	20	0.8	0.153775650522284
20	20	0.9	0.153758451565722
20	20	1	0.153733542804333
20	30	0.1	0.14772990125034
20	30	0.2	0.157336477639208
20	30	0.3	0.157933094534292
20	30	0.4	0.158906913729797
20	30	0.5	0.165129657566267
20	30	0.6	0.139494013731248
20	30	0.7	0.15147531672646
20	30	0.8	0.148134332773666
20	30	0.9	0.148135500399055
20	30	1	0.148100432805622
20	40	0.1	0.145718302979551
20	40	0.2	0.149623517154924
20	40	0.3	0.152985893940472
20	40	0.4	0.176294968508399
20	40	0.5	0.14862536072308
20	40	0.6	0.139051971912037
20	40	0.7	0.151650977713327
20	40	0.8	0.151653602601117
20	40	0.9	0.151653902690317
20	40	1	0.151634863103286
20	50	0.1	0.165525982665065
20	50	0.2	0.157686829975202
20	50	0.3	0.154879874822591
20	50	0.4	0.17594487894129
20	50	0.5	0.151853647163266
20	50	0.6	0.14955971272203
20	50	0.7	0.155073436997637
20	50	0.8	0.15508863774039
20	50	0.9	0.155065892400297
20	50	1	0.15505469770857
20	60	0.1	0.166000517041672
20	60	0.2	0.158131751768547
20	60	0.3	0.153722301462622
20	60	0.4	0.161720165947044
20	60	0.5	0.152839802574111
20	60	0.6	0.169296238763067
20	60	0.7	0.172281043061098
20	60	0.8	0.172282301968294
20	60	0.9	0.17228461786637
20	60	1	0.17226352237652
20	70	0.1	0.165952999266669
20	70	0.2	0.157122753407158
20	70	0.3	0.145509589466796
20	70	0.4	0.147237365732305
20	70	0.5	0.156011690354343
20	70	0.6	0.170454982993923
20	70	0.7	0.170449984314013
20	70	0.8	0.170456283442934
20	70	0.9	0.170463769590318
20	70	1	0.170450158834436
20	80	0.1	0.166492573874685
20	80	0.2	0.143530462286593
20	80	0.3	0.141100430756883
20	80	0.4	0.151543991636876
20	80	0.5	0.159900877776335
20	80	0.6	0.168975909384129
20	80	0.7	0.168947283905746
20	80	0.8	0.168978141622242
20	80	0.9	0.168980018195095
20	80	1	0.168974318385171
20	90	0.1	0.162824936602712
20	90	0.2	0.135773344831061
20	90	0.3	0.149200017759857
20	90	0.4	0.14671358123328
20	90	0.5	0.167327447668019
20	90	0.6	0.172886331463296
20	90	0.7	0.172868939220316
20	90	0.8	0.172882850819861
20	90	0.9	0.172886087587878
20	90	1	0.172900480326315
20	100	0.1	0.158458855003023
20	100	0.2	0.133164176099689
20	100	0.3	0.150439427984334
20	100	0.4	0.144763167240626
20	100	0.5	0.166600468922988
20	100	0.6	0.169076948637987
20	100	0.7	0.16908326854624
20	100	0.8	0.169082068526308
20	100	0.9	0.169083733971458
20	100	1	0.169084588512792
20	150	0.1	0.150697418532653
20	150	0.2	0.137874940862675
20	150	0.3	0.146104674742754
20	150	0.4	0.155513591521389
20	150	0.5	0.156140900864419
20	150	0.6	0.156114567964718
20	150	0.7	0.156135471534474
20	150	0.8	0.156123868006443
20	150	0.9	0.156131181529313
20	150	1	0.156120229656486
20	200	0.1	0.143599868474991
20	200	0.2	0.139919423648125
20	200	0.3	0.14146620619167
20	200	0.4	0.162069987240968
20	200	0.5	0.15911951959445
20	200	0.6	0.159140783369781
20	200	0.7	0.15914538014458
20	200	0.8	0.159138137196944
20	200	0.9	0.159133138359155
20	200	1	0.1591322826267
20	500	0.1	0.122971667758281
20	500	0.2	0.137182700497005
20	500	0.3	0.137625293118487
20	500	0.4	0.138945809910244
20	500	0.5	0.138908133699369
20	500	0.6	0.138886378142318
20	500	0.7	0.138901473047826
20	500	0.8	0.138886556378209
20	500	0.9	0.138894523423272
20	500	1	0.13890770987937
20	1000	0.1	0.130746275627025
20	1000	0.2	0.130435915134179
20	1000	0.3	0.121116075899655
20	1000	0.4	0.121104664373329
20	1000	0.5	0.121081763651524
20	1000	0.6	0.121101706370249
20	1000	0.7	0.121097692852178
20	1000	0.8	0.121109896876827
20	1000	0.9	0.121109570503781
20	1000	1	0.121104098443298
