0.001	0.01	0.1	0.108513133417272
0.001	0.01	0.2	0.127644297312108
0.001	0.01	0.3	0.131681402006743
0.001	0.01	0.4	0.137074067835126
0.001	0.01	0.5	0.155793859421484
0.001	0.01	0.6	0.154394537233157
0.001	0.01	0.7	0.139615648749071
0.001	0.01	0.8	0.143940210594716
0.001	0.01	0.9	0.128447313659629
0.001	0.01	1	0.113632999006829
0.001	0.1	0.1	0.0991751202717451
0.001	0.1	0.2	0.161427588788268
0.001	0.1	0.3	0.14839713850956
0.001	0.1	0.4	0.152545324641427
0.001	0.1	0.5	0.157647909106214
0.001	0.1	0.6	0.156873885915389
0.001	0.1	0.7	0.171167704688015
0.001	0.1	0.8	0.177845718022185
0.001	0.1	0.9	0.152723663794263
0.001	0.1	1	0.129395312757919
0.001	1	0.1	0.141567897585185
0.001	1	0.2	0.168449256096853
0.001	1	0.3	0.178159584276672
0.001	1	0.4	0.177775783213319
0.001	1	0.5	0.174766341119672
0.001	1	0.6	0.149628372016102
0.001	1	0.7	0.162767542374594
0.001	1	0.8	0.152359714229704
0.001	1	0.9	0.149214948042552
0.001	1	1	0.148472281006658
0.001	10	0.1	0.17345126443206
0.001	10	0.2	0.173875167397569
0.001	10	0.3	0.192455216378849
0.001	10	0.4	0.195155427533799
0.001	10	0.5	0.179993404312001
0.001	10	0.6	0.177850413619937
0.001	10	0.7	0.168574678598975
0.001	10	0.8	0.137804957165572
0.001	10	0.9	0.139103968013087
0.001	10	1	0.139048350581526
0.001	20	0.1	0.168551500099383
0.001	20	0.2	0.18927126949847
0.001	20	0.3	0.177651620328392
0.001	20	0.4	0.17607238949733
0.001	20	0.5	0.159364205132746
0.001	20	0.6	0.157364016192487
0.001	20	0.7	0.141973591121481
0.001	20	0.8	0.14586158957276
0.001	20	0.9	0.145881150990542
0.001	20	1	0.145838419574388
0.001	30	0.1	0.183161852455576
0.001	30	0.2	0.168644200517351
0.001	30	0.3	0.162731959689393
0.001	30	0.4	0.142949587188968
0.001	30	0.5	0.149701852170072
0.001	30	0.6	0.125188247435221
0.001	30	0.7	0.128453468163205
0.001	30	0.8	0.128398919209558
0.001	30	0.9	0.128413817559891
0.001	30	1	0.128382299548798
0.001	40	0.1	0.188107387791951
0.001	40	0.2	0.176543471152459
0.001	40	0.3	0.15619619925839
0.001	40	0.4	0.142285234866044
0.001	40	0.5	0.136162220152651
0.001	40	0.6	0.116850732662257
0.001	40	0.7	0.115066219977607
0.001	40	0.8	0.115042300692548
0.001	40	0.9	0.115047040990467
0.001	40	1	0.115037497545825
0.001	50	0.1	0.189418073071056
0.001	50	0.2	0.171974196133156
0.001	50	0.3	0.153924217643517
0.001	50	0.4	0.144799206222526
0.001	50	0.5	0.126569251360686
0.001	50	0.6	0.0994658968363002
0.001	50	0.7	0.105730602912155
0.001	50	0.8	0.105708405295117
0.001	50	0.9	0.105774640853951
0.001	50	1	0.105841918290189
0.001	60	0.1	0.191488745904019
0.001	60	0.2	0.168884159732297
0.001	60	0.3	0.14156736011842
0.001	60	0.4	0.131445436352818
0.001	60	0.5	0.120790852310706
0.001	60	0.6	0.100794478321832
0.001	60	0.7	0.100817133795399
0.001	60	0.8	0.100814391940619
0.001	60	0.9	0.100789239749452
0.001	60	1	0.100779743185836
0.001	70	0.1	0.181718324278807
0.001	70	0.2	0.159341434133884
0.001	70	0.3	0.138861295337072
0.001	70	0.4	0.121912958176389
0.001	70	0.5	0.117574950906187
0.001	70	0.6	0.100743931028051
0.001	70	0.7	0.100734790077558
0.001	70	0.8	0.100744352908011
0.001	70	0.9	0.100716892782365
0.001	70	1	0.100676116788811
0.001	80	0.1	0.175445477121387
0.001	80	0.2	0.155768934193863
0.001	80	0.3	0.143866919166837
0.001	80	0.4	0.119271103193936
0.001	80	0.5	0.118293901861007
0.001	80	0.6	0.106749407761028
0.001	80	0.7	0.106740205161711
0.001	80	0.8	0.106758508642828
0.001	80	0.9	0.109614703964215
0.001	80	1	0.106727248202688
0.001	90	0.1	0.17359265844138
0.001	90	0.2	0.153867442253226
0.001	90	0.3	0.136026279868038
0.001	90	0.4	0.115273272947912
0.001	90	0.5	0.120073979662695
0.001	90	0.6	0.113990813215665
0.001	90	0.7	0.114014365427898
0.001	90	0.8	0.1110974701414
0.001	90	0.9	0.111105168561978
0.001	90	1	0.111116101556869
0.001	100	0.1	0.170459915013729
0.001	100	0.2	0.154589448832532
0.001	100	0.3	0.134717251182757
0.001	100	0.4	0.118457802531219
0.001	100	0.5	0.12224493997785
0.001	100	0.6	0.115022714101656
0.001	100	0.7	0.115013307491273
0.001	100	0.8	0.115006057260357
0.001	100	0.9	0.115012539501393
0.001	100	1	0.114990846884862
0.001	150	0.1	0.161156608431118
0.001	150	0.2	0.130986557833841
0.001	150	0.3	0.118766914853041
0.001	150	0.4	0.121445139183615
0.001	150	0.5	0.123616436852902
0.001	150	0.6	0.123625011552363
0.001	150	0.7	0.123595066495452
0.001	150	0.8	0.123591316647172
0.001	150	0.9	0.123579953624669
0.001	150	1	0.123584426528904
0.001	200	0.1	0.152635355221923
0.001	200	0.2	0.129887352812775
0.001	200	0.3	0.117693029642124
0.001	200	0.4	0.111103257441047
0.001	200	0.5	0.113750555915515
0.001	200	0.6	0.113761330289216
0.001	200	0.7	0.113746580495739
0.001	200	0.8	0.113737091151724
0.001	200	0.9	0.113728492347052
0.001	200	1	0.113718930032294
0.001	500	0.1	0.133345407415635
0.001	500	0.2	0.102381648226199
0.001	500	0.3	0.0791536497811812
0.001	500	0.4	0.0791317245250048
0.001	500	0.5	0.0791110781241582
0.001	500	0.6	0.0791368618242009
0.001	500	0.7	0.0791037950360459
0.001	500	0.8	0.0790971516783039
0.001	500	0.9	0.0791019678221001
0.001	500	1	0.079102666976275
0.001	1000	0.1	0.0995928502700552
0.001	1000	0.2	0.0814060597656276
0.001	1000	0.3	0.0605939700030332
0.001	1000	0.4	0.0605733039901895
0.001	1000	0.5	0.0605649925350753
0.001	1000	0.6	0.0605698973273576
0.001	1000	0.7	0.0605555269787466
0.001	1000	0.8	0.0605539748799657
0.001	1000	0.9	0.06054394108423
0.001	1000	1	0.0605552796993328
0.005	0.01	0.1	0.108513133417272
0.005	0.01	0.2	0.127644297312108
0.005	0.01	0.3	0.131681402006743
0.005	0.01	0.4	0.137074067835126
0.005	0.01	0.5	0.155793859421484
0.005	0.01	0.6	0.154394537233157
0.005	0.01	0.7	0.139615648749071
0.005	0.01	0.8	0.143940210594716
0.005	0.01	0.9	0.128447313659629
0.005	0.01	1	0.113632999006829
0.005	0.1	0.1	0.0991751202717451
0.005	0.1	0.2	0.161427588788268
0.005	0.1	0.3	0.14839713850956
0.005	0.1	0.4	0.152545324641427
0.005	0.1	0.5	0.157647909106214
0.005	0.1	0.6	0.156873885915389
0.005	0.1	0.7	0.171167704688015
0.005	0.1	0.8	0.177845718022185
0.005	0.1	0.9	0.152723663794263
0.005	0.1	1	0.129395312757919
0.005	1	0.1	0.141567897585185
0.005	1	0.2	0.168449256096853
0.005	1	0.3	0.178159584276672
0.005	1	0.4	0.177775783213319
0.005	1	0.5	0.174766341119672
0.005	1	0.6	0.149628372016102
0.005	1	0.7	0.162767542374594
0.005	1	0.8	0.152359714229704
0.005	1	0.9	0.149214948042552
0.005	1	1	0.148472281006658
0.005	10	0.1	0.17345126443206
0.005	10	0.2	0.173875167397569
0.005	10	0.3	0.192455216378849
0.005	10	0.4	0.195155427533799
0.005	10	0.5	0.179993404312001
0.005	10	0.6	0.177850413619937
0.005	10	0.7	0.168574678598975
0.005	10	0.8	0.137804957165572
0.005	10	0.9	0.139103968013087
0.005	10	1	0.139048350581526
0.005	20	0.1	0.168551500099383
0.005	20	0.2	0.18927126949847
0.005	20	0.3	0.177651620328392
0.005	20	0.4	0.17607238949733
0.005	20	0.5	0.159364205132746
0.005	20	0.6	0.157364016192487
0.005	20	0.7	0.141973591121481
0.005	20	0.8	0.14586158957276
0.005	20	0.9	0.145881150990542
0.005	20	1	0.145838419574388
0.005	30	0.1	0.183161852455576
0.005	30	0.2	0.168644200517351
0.005	30	0.3	0.162731959689393
0.005	30	0.4	0.142949587188968
0.005	30	0.5	0.149701852170072
0.005	30	0.6	0.125188247435221
0.005	30	0.7	0.128453468163205
0.005	30	0.8	0.128398919209558
0.005	30	0.9	0.128413817559891
0.005	30	1	0.128382299548798
0.005	40	0.1	0.188107387791951
0.005	40	0.2	0.176543471152459
0.005	40	0.3	0.15619619925839
0.005	40	0.4	0.142285234866044
0.005	40	0.5	0.136162220152651
0.005	40	0.6	0.116850732662257
0.005	40	0.7	0.115066219977607
0.005	40	0.8	0.115042300692548
0.005	40	0.9	0.115047040990467
0.005	40	1	0.115037497545825
0.005	50	0.1	0.189418073071056
0.005	50	0.2	0.171974196133156
0.005	50	0.3	0.153924217643517
0.005	50	0.4	0.144799206222526
0.005	50	0.5	0.126569251360686
0.005	50	0.6	0.0994658968363002
0.005	50	0.7	0.105730602912155
0.005	50	0.8	0.105708405295117
0.005	50	0.9	0.105774640853951
0.005	50	1	0.105841918290189
0.005	60	0.1	0.191488745904019
0.005	60	0.2	0.168884159732297
0.005	60	0.3	0.14156736011842
0.005	60	0.4	0.131445436352818
0.005	60	0.5	0.120790852310706
0.005	60	0.6	0.100794478321832
0.005	60	0.7	0.100817133795399
0.005	60	0.8	0.100814391940619
0.005	60	0.9	0.100789239749452
0.005	60	1	0.100779743185836
0.005	70	0.1	0.181718324278807
0.005	70	0.2	0.159341434133884
0.005	70	0.3	0.138861295337072
0.005	70	0.4	0.121912958176389
0.005	70	0.5	0.117574950906187
0.005	70	0.6	0.100743931028051
0.005	70	0.7	0.100734790077558
0.005	70	0.8	0.100744352908011
0.005	70	0.9	0.100716892782365
0.005	70	1	0.100676116788811
0.005	80	0.1	0.175445477121387
0.005	80	0.2	0.155768934193863
0.005	80	0.3	0.143866919166837
0.005	80	0.4	0.119271103193936
0.005	80	0.5	0.118293901861007
0.005	80	0.6	0.106749407761028
0.005	80	0.7	0.106740205161711
0.005	80	0.8	0.106758508642828
0.005	80	0.9	0.109614703964215
0.005	80	1	0.106727248202688
0.005	90	0.1	0.17359265844138
0.005	90	0.2	0.153867442253226
0.005	90	0.3	0.136026279868038
0.005	90	0.4	0.115273272947912
0.005	90	0.5	0.120073979662695
0.005	90	0.6	0.113990813215665
0.005	90	0.7	0.114014365427898
0.005	90	0.8	0.1110974701414
0.005	90	0.9	0.111105168561978
0.005	90	1	0.111116101556869
0.005	100	0.1	0.170459915013729
0.005	100	0.2	0.154589448832532
0.005	100	0.3	0.134717251182757
0.005	100	0.4	0.118457802531219
0.005	100	0.5	0.12224493997785
0.005	100	0.6	0.115022714101656
0.005	100	0.7	0.115013307491273
0.005	100	0.8	0.115006057260357
0.005	100	0.9	0.115012539501393
0.005	100	1	0.114990846884862
0.005	150	0.1	0.161156608431118
0.005	150	0.2	0.130986557833841
0.005	150	0.3	0.118766914853041
0.005	150	0.4	0.121445139183615
0.005	150	0.5	0.123616436852902
0.005	150	0.6	0.123625011552363
0.005	150	0.7	0.123595066495452
0.005	150	0.8	0.123591316647172
0.005	150	0.9	0.123579953624669
0.005	150	1	0.123584426528904
0.005	200	0.1	0.152635355221923
0.005	200	0.2	0.129887352812775
0.005	200	0.3	0.117693029642124
0.005	200	0.4	0.111103257441047
0.005	200	0.5	0.113750555915515
0.005	200	0.6	0.113761330289216
0.005	200	0.7	0.113746580495739
0.005	200	0.8	0.113737091151724
0.005	200	0.9	0.113728492347052
0.005	200	1	0.113718930032294
0.005	500	0.1	0.133345407415635
0.005	500	0.2	0.102381648226199
0.005	500	0.3	0.0791536497811812
0.005	500	0.4	0.0791317245250048
0.005	500	0.5	0.0791110781241582
0.005	500	0.6	0.0791368618242009
0.005	500	0.7	0.0791037950360459
0.005	500	0.8	0.0790971516783039
0.005	500	0.9	0.0791019678221001
0.005	500	1	0.079102666976275
0.005	1000	0.1	0.0995928502700552
0.005	1000	0.2	0.0814060597656276
0.005	1000	0.3	0.0605939700030332
0.005	1000	0.4	0.0605733039901895
0.005	1000	0.5	0.0605649925350753
0.005	1000	0.6	0.0605698973273576
0.005	1000	0.7	0.0605555269787466
0.005	1000	0.8	0.0605539748799657
0.005	1000	0.9	0.06054394108423
0.005	1000	1	0.0605552796993328
0.01	0.01	0.1	0.108513133417272
0.01	0.01	0.2	0.127644297312108
0.01	0.01	0.3	0.131681402006743
0.01	0.01	0.4	0.137074067835126
0.01	0.01	0.5	0.155793859421484
0.01	0.01	0.6	0.154394537233157
0.01	0.01	0.7	0.139615648749071
0.01	0.01	0.8	0.143940210594716
0.01	0.01	0.9	0.128447313659629
0.01	0.01	1	0.113632999006829
0.01	0.1	0.1	0.0991751202717451
0.01	0.1	0.2	0.161427588788268
0.01	0.1	0.3	0.14839713850956
0.01	0.1	0.4	0.152545324641427
0.01	0.1	0.5	0.157647909106214
0.01	0.1	0.6	0.156873885915389
0.01	0.1	0.7	0.171167704688015
0.01	0.1	0.8	0.177845718022185
0.01	0.1	0.9	0.152723663794263
0.01	0.1	1	0.129395312757919
0.01	1	0.1	0.141567897585185
0.01	1	0.2	0.168449256096853
0.01	1	0.3	0.178159584276672
0.01	1	0.4	0.177775783213319
0.01	1	0.5	0.174766341119672
0.01	1	0.6	0.149628372016102
0.01	1	0.7	0.162767542374594
0.01	1	0.8	0.152359714229704
0.01	1	0.9	0.149214948042552
0.01	1	1	0.148472281006658
0.01	10	0.1	0.17345126443206
0.01	10	0.2	0.173875167397569
0.01	10	0.3	0.192455216378849
0.01	10	0.4	0.195155427533799
0.01	10	0.5	0.179993404312001
0.01	10	0.6	0.177850413619937
0.01	10	0.7	0.168574678598975
0.01	10	0.8	0.137804957165572
0.01	10	0.9	0.139103968013087
0.01	10	1	0.139048350581526
0.01	20	0.1	0.168551500099383
0.01	20	0.2	0.18927126949847
0.01	20	0.3	0.177651620328392
0.01	20	0.4	0.17607238949733
0.01	20	0.5	0.159364205132746
0.01	20	0.6	0.157364016192487
0.01	20	0.7	0.141973591121481
0.01	20	0.8	0.14586158957276
0.01	20	0.9	0.145881150990542
0.01	20	1	0.145838419574388
0.01	30	0.1	0.183161852455576
0.01	30	0.2	0.168644200517351
0.01	30	0.3	0.162731959689393
0.01	30	0.4	0.142949587188968
0.01	30	0.5	0.149701852170072
0.01	30	0.6	0.125188247435221
0.01	30	0.7	0.128453468163205
0.01	30	0.8	0.128398919209558
0.01	30	0.9	0.128413817559891
0.01	30	1	0.128382299548798
0.01	40	0.1	0.188107387791951
0.01	40	0.2	0.176543471152459
0.01	40	0.3	0.15619619925839
0.01	40	0.4	0.142285234866044
0.01	40	0.5	0.136162220152651
0.01	40	0.6	0.116850732662257
0.01	40	0.7	0.115066219977607
0.01	40	0.8	0.115042300692548
0.01	40	0.9	0.115047040990467
0.01	40	1	0.115037497545825
0.01	50	0.1	0.189418073071056
0.01	50	0.2	0.171974196133156
0.01	50	0.3	0.153924217643517
0.01	50	0.4	0.144799206222526
0.01	50	0.5	0.126569251360686
0.01	50	0.6	0.0994658968363002
0.01	50	0.7	0.105730602912155
0.01	50	0.8	0.105708405295117
0.01	50	0.9	0.105774640853951
0.01	50	1	0.105841918290189
0.01	60	0.1	0.191488745904019
0.01	60	0.2	0.168884159732297
0.01	60	0.3	0.14156736011842
0.01	60	0.4	0.131445436352818
0.01	60	0.5	0.120790852310706
0.01	60	0.6	0.100794478321832
0.01	60	0.7	0.100817133795399
0.01	60	0.8	0.100814391940619
0.01	60	0.9	0.100789239749452
0.01	60	1	0.100779743185836
0.01	70	0.1	0.181718324278807
0.01	70	0.2	0.159341434133884
0.01	70	0.3	0.138861295337072
0.01	70	0.4	0.121912958176389
0.01	70	0.5	0.117574950906187
0.01	70	0.6	0.100743931028051
0.01	70	0.7	0.100734790077558
0.01	70	0.8	0.100744352908011
0.01	70	0.9	0.100716892782365
0.01	70	1	0.100676116788811
0.01	80	0.1	0.175445477121387
0.01	80	0.2	0.155768934193863
0.01	80	0.3	0.143866919166837
0.01	80	0.4	0.119271103193936
0.01	80	0.5	0.118293901861007
0.01	80	0.6	0.106749407761028
0.01	80	0.7	0.106740205161711
0.01	80	0.8	0.106758508642828
0.01	80	0.9	0.109614703964215
0.01	80	1	0.106727248202688
0.01	90	0.1	0.17359265844138
0.01	90	0.2	0.153867442253226
0.01	90	0.3	0.136026279868038
0.01	90	0.4	0.115273272947912
0.01	90	0.5	0.120073979662695
0.01	90	0.6	0.113990813215665
0.01	90	0.7	0.114014365427898
0.01	90	0.8	0.1110974701414
0.01	90	0.9	0.111105168561978
0.01	90	1	0.111116101556869
0.01	100	0.1	0.170459915013729
0.01	100	0.2	0.154589448832532
0.01	100	0.3	0.134717251182757
0.01	100	0.4	0.118457802531219
0.01	100	0.5	0.12224493997785
0.01	100	0.6	0.115022714101656
0.01	100	0.7	0.115013307491273
0.01	100	0.8	0.115006057260357
0.01	100	0.9	0.115012539501393
0.01	100	1	0.114990846884862
0.01	150	0.1	0.161156608431118
0.01	150	0.2	0.130986557833841
0.01	150	0.3	0.118766914853041
0.01	150	0.4	0.121445139183615
0.01	150	0.5	0.123616436852902
0.01	150	0.6	0.123625011552363
0.01	150	0.7	0.123595066495452
0.01	150	0.8	0.123591316647172
0.01	150	0.9	0.123579953624669
0.01	150	1	0.123584426528904
0.01	200	0.1	0.152635355221923
0.01	200	0.2	0.129887352812775
0.01	200	0.3	0.117693029642124
0.01	200	0.4	0.111103257441047
0.01	200	0.5	0.113750555915515
0.01	200	0.6	0.113761330289216
0.01	200	0.7	0.113746580495739
0.01	200	0.8	0.113737091151724
0.01	200	0.9	0.113728492347052
0.01	200	1	0.113718930032294
0.01	500	0.1	0.133345407415635
0.01	500	0.2	0.102381648226199
0.01	500	0.3	0.0791536497811812
0.01	500	0.4	0.0791317245250048
0.01	500	0.5	0.0791110781241582
0.01	500	0.6	0.0791368618242009
0.01	500	0.7	0.0791037950360459
0.01	500	0.8	0.0790971516783039
0.01	500	0.9	0.0791019678221001
0.01	500	1	0.079102666976275
0.01	1000	0.1	0.0995928502700552
0.01	1000	0.2	0.0814060597656276
0.01	1000	0.3	0.0605939700030332
0.01	1000	0.4	0.0605733039901895
0.01	1000	0.5	0.0605649925350753
0.01	1000	0.6	0.0605698973273576
0.01	1000	0.7	0.0605555269787466
0.01	1000	0.8	0.0605539748799657
0.01	1000	0.9	0.06054394108423
0.01	1000	1	0.0605552796993328
0.05	0.01	0.1	0.108513133417272
0.05	0.01	0.2	0.127644297312108
0.05	0.01	0.3	0.131681402006743
0.05	0.01	0.4	0.137074067835126
0.05	0.01	0.5	0.155793859421484
0.05	0.01	0.6	0.154394537233157
0.05	0.01	0.7	0.139615648749071
0.05	0.01	0.8	0.143940210594716
0.05	0.01	0.9	0.128447313659629
0.05	0.01	1	0.113632999006829
0.05	0.1	0.1	0.0991751202717451
0.05	0.1	0.2	0.161427588788268
0.05	0.1	0.3	0.14839713850956
0.05	0.1	0.4	0.152545324641427
0.05	0.1	0.5	0.157647909106214
0.05	0.1	0.6	0.156873885915389
0.05	0.1	0.7	0.171167704688015
0.05	0.1	0.8	0.177845718022185
0.05	0.1	0.9	0.152723663794263
0.05	0.1	1	0.129395312757919
0.05	1	0.1	0.141567897585185
0.05	1	0.2	0.168449256096853
0.05	1	0.3	0.178159584276672
0.05	1	0.4	0.177775783213319
0.05	1	0.5	0.174766341119672
0.05	1	0.6	0.149628372016102
0.05	1	0.7	0.162767542374594
0.05	1	0.8	0.152359714229704
0.05	1	0.9	0.149214948042552
0.05	1	1	0.148472281006658
0.05	10	0.1	0.17345126443206
0.05	10	0.2	0.173875167397569
0.05	10	0.3	0.192455216378849
0.05	10	0.4	0.195155427533799
0.05	10	0.5	0.179993404312001
0.05	10	0.6	0.177850413619937
0.05	10	0.7	0.168574678598975
0.05	10	0.8	0.137804957165572
0.05	10	0.9	0.139103968013087
0.05	10	1	0.139048350581526
0.05	20	0.1	0.168551500099383
0.05	20	0.2	0.18927126949847
0.05	20	0.3	0.177651620328392
0.05	20	0.4	0.17607238949733
0.05	20	0.5	0.159364205132746
0.05	20	0.6	0.157364016192487
0.05	20	0.7	0.141973591121481
0.05	20	0.8	0.14586158957276
0.05	20	0.9	0.145881150990542
0.05	20	1	0.145838419574388
0.05	30	0.1	0.183161852455576
0.05	30	0.2	0.168644200517351
0.05	30	0.3	0.162731959689393
0.05	30	0.4	0.142949587188968
0.05	30	0.5	0.149701852170072
0.05	30	0.6	0.125188247435221
0.05	30	0.7	0.128453468163205
0.05	30	0.8	0.128398919209558
0.05	30	0.9	0.128413817559891
0.05	30	1	0.128382299548798
0.05	40	0.1	0.188107387791951
0.05	40	0.2	0.176543471152459
0.05	40	0.3	0.15619619925839
0.05	40	0.4	0.142285234866044
0.05	40	0.5	0.136162220152651
0.05	40	0.6	0.116850732662257
0.05	40	0.7	0.115066219977607
0.05	40	0.8	0.115042300692548
0.05	40	0.9	0.115047040990467
0.05	40	1	0.115037497545825
0.05	50	0.1	0.189418073071056
0.05	50	0.2	0.171974196133156
0.05	50	0.3	0.153924217643517
0.05	50	0.4	0.144799206222526
0.05	50	0.5	0.126569251360686
0.05	50	0.6	0.0994658968363002
0.05	50	0.7	0.105730602912155
0.05	50	0.8	0.105708405295117
0.05	50	0.9	0.105774640853951
0.05	50	1	0.105841918290189
0.05	60	0.1	0.191488745904019
0.05	60	0.2	0.168884159732297
0.05	60	0.3	0.14156736011842
0.05	60	0.4	0.131445436352818
0.05	60	0.5	0.120790852310706
0.05	60	0.6	0.100794478321832
0.05	60	0.7	0.100817133795399
0.05	60	0.8	0.100814391940619
0.05	60	0.9	0.100789239749452
0.05	60	1	0.100779743185836
0.05	70	0.1	0.181718324278807
0.05	70	0.2	0.159341434133884
0.05	70	0.3	0.138861295337072
0.05	70	0.4	0.121912958176389
0.05	70	0.5	0.117574950906187
0.05	70	0.6	0.100743931028051
0.05	70	0.7	0.100734790077558
0.05	70	0.8	0.100744352908011
0.05	70	0.9	0.100716892782365
0.05	70	1	0.100676116788811
0.05	80	0.1	0.175445477121387
0.05	80	0.2	0.155768934193863
0.05	80	0.3	0.143866919166837
0.05	80	0.4	0.119271103193936
0.05	80	0.5	0.118293901861007
0.05	80	0.6	0.106749407761028
0.05	80	0.7	0.106740205161711
0.05	80	0.8	0.106758508642828
0.05	80	0.9	0.109614703964215
0.05	80	1	0.106727248202688
0.05	90	0.1	0.17359265844138
0.05	90	0.2	0.153867442253226
0.05	90	0.3	0.136026279868038
0.05	90	0.4	0.115273272947912
0.05	90	0.5	0.120073979662695
0.05	90	0.6	0.113990813215665
0.05	90	0.7	0.114014365427898
0.05	90	0.8	0.1110974701414
0.05	90	0.9	0.111105168561978
0.05	90	1	0.111116101556869
0.05	100	0.1	0.170459915013729
0.05	100	0.2	0.154589448832532
0.05	100	0.3	0.134717251182757
0.05	100	0.4	0.118457802531219
0.05	100	0.5	0.12224493997785
0.05	100	0.6	0.115022714101656
0.05	100	0.7	0.115013307491273
0.05	100	0.8	0.115006057260357
0.05	100	0.9	0.115012539501393
0.05	100	1	0.114990846884862
0.05	150	0.1	0.161156608431118
0.05	150	0.2	0.130986557833841
0.05	150	0.3	0.118766914853041
0.05	150	0.4	0.121445139183615
0.05	150	0.5	0.123616436852902
0.05	150	0.6	0.123625011552363
0.05	150	0.7	0.123595066495452
0.05	150	0.8	0.123591316647172
0.05	150	0.9	0.123579953624669
0.05	150	1	0.123584426528904
0.05	200	0.1	0.152635355221923
0.05	200	0.2	0.129887352812775
0.05	200	0.3	0.117693029642124
0.05	200	0.4	0.111103257441047
0.05	200	0.5	0.113750555915515
0.05	200	0.6	0.113761330289216
0.05	200	0.7	0.113746580495739
0.05	200	0.8	0.113737091151724
0.05	200	0.9	0.113728492347052
0.05	200	1	0.113718930032294
0.05	500	0.1	0.133345407415635
0.05	500	0.2	0.102381648226199
0.05	500	0.3	0.0791536497811812
0.05	500	0.4	0.0791317245250048
0.05	500	0.5	0.0791110781241582
0.05	500	0.6	0.0791368618242009
0.05	500	0.7	0.0791037950360459
0.05	500	0.8	0.0790971516783039
0.05	500	0.9	0.0791019678221001
0.05	500	1	0.079102666976275
0.05	1000	0.1	0.0995928502700552
0.05	1000	0.2	0.0814060597656276
0.05	1000	0.3	0.0605939700030332
0.05	1000	0.4	0.0605733039901895
0.05	1000	0.5	0.0605649925350753
0.05	1000	0.6	0.0605698973273576
0.05	1000	0.7	0.0605555269787466
0.05	1000	0.8	0.0605539748799657
0.05	1000	0.9	0.06054394108423
0.05	1000	1	0.0605552796993328
0.1	0.01	0.1	0.108513133417272
0.1	0.01	0.2	0.127644297312108
0.1	0.01	0.3	0.131681402006743
0.1	0.01	0.4	0.137074067835126
0.1	0.01	0.5	0.155793859421484
0.1	0.01	0.6	0.154394537233157
0.1	0.01	0.7	0.139615648749071
0.1	0.01	0.8	0.143940210594716
0.1	0.01	0.9	0.128447313659629
0.1	0.01	1	0.113632999006829
0.1	0.1	0.1	0.0991751202717451
0.1	0.1	0.2	0.161427588788268
0.1	0.1	0.3	0.14839713850956
0.1	0.1	0.4	0.152545324641427
0.1	0.1	0.5	0.157647909106214
0.1	0.1	0.6	0.156873885915389
0.1	0.1	0.7	0.171167704688015
0.1	0.1	0.8	0.177845718022185
0.1	0.1	0.9	0.152723663794263
0.1	0.1	1	0.129395312757919
0.1	1	0.1	0.141567897585185
0.1	1	0.2	0.168449256096853
0.1	1	0.3	0.178159584276672
0.1	1	0.4	0.177775783213319
0.1	1	0.5	0.174766341119672
0.1	1	0.6	0.149628372016102
0.1	1	0.7	0.162767542374594
0.1	1	0.8	0.152359714229704
0.1	1	0.9	0.149214948042552
0.1	1	1	0.148472281006658
0.1	10	0.1	0.17345126443206
0.1	10	0.2	0.173875167397569
0.1	10	0.3	0.192455216378849
0.1	10	0.4	0.195155427533799
0.1	10	0.5	0.179993404312001
0.1	10	0.6	0.177850413619937
0.1	10	0.7	0.168574678598975
0.1	10	0.8	0.137804957165572
0.1	10	0.9	0.139103968013087
0.1	10	1	0.139048350581526
0.1	20	0.1	0.168551500099383
0.1	20	0.2	0.18927126949847
0.1	20	0.3	0.177651620328392
0.1	20	0.4	0.17607238949733
0.1	20	0.5	0.159364205132746
0.1	20	0.6	0.157364016192487
0.1	20	0.7	0.141973591121481
0.1	20	0.8	0.14586158957276
0.1	20	0.9	0.145881150990542
0.1	20	1	0.145838419574388
0.1	30	0.1	0.183161852455576
0.1	30	0.2	0.168644200517351
0.1	30	0.3	0.162731959689393
0.1	30	0.4	0.142949587188968
0.1	30	0.5	0.149701852170072
0.1	30	0.6	0.125188247435221
0.1	30	0.7	0.128453468163205
0.1	30	0.8	0.128398919209558
0.1	30	0.9	0.128413817559891
0.1	30	1	0.128382299548798
0.1	40	0.1	0.188107387791951
0.1	40	0.2	0.176543471152459
0.1	40	0.3	0.15619619925839
0.1	40	0.4	0.142285234866044
0.1	40	0.5	0.136162220152651
0.1	40	0.6	0.116850732662257
0.1	40	0.7	0.115066219977607
0.1	40	0.8	0.115042300692548
0.1	40	0.9	0.115047040990467
0.1	40	1	0.115037497545825
0.1	50	0.1	0.189418073071056
0.1	50	0.2	0.171974196133156
0.1	50	0.3	0.153924217643517
0.1	50	0.4	0.144799206222526
0.1	50	0.5	0.126569251360686
0.1	50	0.6	0.0994658968363002
0.1	50	0.7	0.105730602912155
0.1	50	0.8	0.105708405295117
0.1	50	0.9	0.105774640853951
0.1	50	1	0.105841918290189
0.1	60	0.1	0.191488745904019
0.1	60	0.2	0.168884159732297
0.1	60	0.3	0.14156736011842
0.1	60	0.4	0.131445436352818
0.1	60	0.5	0.120790852310706
0.1	60	0.6	0.100794478321832
0.1	60	0.7	0.100817133795399
0.1	60	0.8	0.100814391940619
0.1	60	0.9	0.100789239749452
0.1	60	1	0.100779743185836
0.1	70	0.1	0.181718324278807
0.1	70	0.2	0.159341434133884
0.1	70	0.3	0.138861295337072
0.1	70	0.4	0.121912958176389
0.1	70	0.5	0.117574950906187
0.1	70	0.6	0.100743931028051
0.1	70	0.7	0.100734790077558
0.1	70	0.8	0.100744352908011
0.1	70	0.9	0.100716892782365
0.1	70	1	0.100676116788811
0.1	80	0.1	0.175445477121387
0.1	80	0.2	0.155768934193863
0.1	80	0.3	0.143866919166837
0.1	80	0.4	0.119271103193936
0.1	80	0.5	0.118293901861007
0.1	80	0.6	0.106749407761028
0.1	80	0.7	0.106740205161711
0.1	80	0.8	0.106758508642828
0.1	80	0.9	0.109614703964215
0.1	80	1	0.106727248202688
0.1	90	0.1	0.17359265844138
0.1	90	0.2	0.153867442253226
0.1	90	0.3	0.136026279868038
0.1	90	0.4	0.115273272947912
0.1	90	0.5	0.120073979662695
0.1	90	0.6	0.113990813215665
0.1	90	0.7	0.114014365427898
0.1	90	0.8	0.1110974701414
0.1	90	0.9	0.111105168561978
0.1	90	1	0.111116101556869
0.1	100	0.1	0.170459915013729
0.1	100	0.2	0.154589448832532
0.1	100	0.3	0.134717251182757
0.1	100	0.4	0.118457802531219
0.1	100	0.5	0.12224493997785
0.1	100	0.6	0.115022714101656
0.1	100	0.7	0.115013307491273
0.1	100	0.8	0.115006057260357
0.1	100	0.9	0.115012539501393
0.1	100	1	0.114990846884862
0.1	150	0.1	0.161156608431118
0.1	150	0.2	0.130986557833841
0.1	150	0.3	0.118766914853041
0.1	150	0.4	0.121445139183615
0.1	150	0.5	0.123616436852902
0.1	150	0.6	0.123625011552363
0.1	150	0.7	0.123595066495452
0.1	150	0.8	0.123591316647172
0.1	150	0.9	0.123579953624669
0.1	150	1	0.123584426528904
0.1	200	0.1	0.152635355221923
0.1	200	0.2	0.129887352812775
0.1	200	0.3	0.117693029642124
0.1	200	0.4	0.111103257441047
0.1	200	0.5	0.113750555915515
0.1	200	0.6	0.113761330289216
0.1	200	0.7	0.113746580495739
0.1	200	0.8	0.113737091151724
0.1	200	0.9	0.113728492347052
0.1	200	1	0.113718930032294
0.1	500	0.1	0.133345407415635
0.1	500	0.2	0.102381648226199
0.1	500	0.3	0.0791536497811812
0.1	500	0.4	0.0791317245250048
0.1	500	0.5	0.0791110781241582
0.1	500	0.6	0.0791368618242009
0.1	500	0.7	0.0791037950360459
0.1	500	0.8	0.0790971516783039
0.1	500	0.9	0.0791019678221001
0.1	500	1	0.079102666976275
0.1	1000	0.1	0.0995928502700552
0.1	1000	0.2	0.0814060597656276
0.1	1000	0.3	0.0605939700030332
0.1	1000	0.4	0.0605733039901895
0.1	1000	0.5	0.0605649925350753
0.1	1000	0.6	0.0605698973273576
0.1	1000	0.7	0.0605555269787466
0.1	1000	0.8	0.0605539748799657
0.1	1000	0.9	0.06054394108423
0.1	1000	1	0.0605552796993328
0.5	0.01	0.1	0.108513133417272
0.5	0.01	0.2	0.127644297312108
0.5	0.01	0.3	0.131681402006743
0.5	0.01	0.4	0.137074067835126
0.5	0.01	0.5	0.155793859421484
0.5	0.01	0.6	0.154394537233157
0.5	0.01	0.7	0.139615648749071
0.5	0.01	0.8	0.143940210594716
0.5	0.01	0.9	0.128447313659629
0.5	0.01	1	0.113632999006829
0.5	0.1	0.1	0.0991751202717451
0.5	0.1	0.2	0.161427588788268
0.5	0.1	0.3	0.14839713850956
0.5	0.1	0.4	0.152545324641427
0.5	0.1	0.5	0.157647909106214
0.5	0.1	0.6	0.156873885915389
0.5	0.1	0.7	0.171167704688015
0.5	0.1	0.8	0.177845718022185
0.5	0.1	0.9	0.152723663794263
0.5	0.1	1	0.129395312757919
0.5	1	0.1	0.141567897585185
0.5	1	0.2	0.168449256096853
0.5	1	0.3	0.178159584276672
0.5	1	0.4	0.177775783213319
0.5	1	0.5	0.174766341119672
0.5	1	0.6	0.149628372016102
0.5	1	0.7	0.162767542374594
0.5	1	0.8	0.152359714229704
0.5	1	0.9	0.149214948042552
0.5	1	1	0.148472281006658
0.5	10	0.1	0.17345126443206
0.5	10	0.2	0.173875167397569
0.5	10	0.3	0.192455216378849
0.5	10	0.4	0.195155427533799
0.5	10	0.5	0.179993404312001
0.5	10	0.6	0.177850413619937
0.5	10	0.7	0.168574678598975
0.5	10	0.8	0.137804957165572
0.5	10	0.9	0.139103968013087
0.5	10	1	0.139048350581526
0.5	20	0.1	0.168551500099383
0.5	20	0.2	0.18927126949847
0.5	20	0.3	0.177651620328392
0.5	20	0.4	0.17607238949733
0.5	20	0.5	0.159364205132746
0.5	20	0.6	0.157364016192487
0.5	20	0.7	0.141973591121481
0.5	20	0.8	0.14586158957276
0.5	20	0.9	0.145881150990542
0.5	20	1	0.145838419574388
0.5	30	0.1	0.183161852455576
0.5	30	0.2	0.168644200517351
0.5	30	0.3	0.162731959689393
0.5	30	0.4	0.142949587188968
0.5	30	0.5	0.149701852170072
0.5	30	0.6	0.125188247435221
0.5	30	0.7	0.128453468163205
0.5	30	0.8	0.128398919209558
0.5	30	0.9	0.128413817559891
0.5	30	1	0.128382299548798
0.5	40	0.1	0.188107387791951
0.5	40	0.2	0.176543471152459
0.5	40	0.3	0.15619619925839
0.5	40	0.4	0.142285234866044
0.5	40	0.5	0.136162220152651
0.5	40	0.6	0.116850732662257
0.5	40	0.7	0.115066219977607
0.5	40	0.8	0.115042300692548
0.5	40	0.9	0.115047040990467
0.5	40	1	0.115037497545825
0.5	50	0.1	0.189418073071056
0.5	50	0.2	0.171974196133156
0.5	50	0.3	0.153924217643517
0.5	50	0.4	0.144799206222526
0.5	50	0.5	0.126569251360686
0.5	50	0.6	0.0994658968363002
0.5	50	0.7	0.105730602912155
0.5	50	0.8	0.105708405295117
0.5	50	0.9	0.105774640853951
0.5	50	1	0.105841918290189
0.5	60	0.1	0.191488745904019
0.5	60	0.2	0.168884159732297
0.5	60	0.3	0.14156736011842
0.5	60	0.4	0.131445436352818
0.5	60	0.5	0.120790852310706
0.5	60	0.6	0.100794478321832
0.5	60	0.7	0.100817133795399
0.5	60	0.8	0.100814391940619
0.5	60	0.9	0.100789239749452
0.5	60	1	0.100779743185836
0.5	70	0.1	0.181718324278807
0.5	70	0.2	0.159341434133884
0.5	70	0.3	0.138861295337072
0.5	70	0.4	0.121912958176389
0.5	70	0.5	0.117574950906187
0.5	70	0.6	0.100743931028051
0.5	70	0.7	0.100734790077558
0.5	70	0.8	0.100744352908011
0.5	70	0.9	0.100716892782365
0.5	70	1	0.100676116788811
0.5	80	0.1	0.175445477121387
0.5	80	0.2	0.155768934193863
0.5	80	0.3	0.143866919166837
0.5	80	0.4	0.119271103193936
0.5	80	0.5	0.118293901861007
0.5	80	0.6	0.106749407761028
0.5	80	0.7	0.106740205161711
0.5	80	0.8	0.106758508642828
0.5	80	0.9	0.109614703964215
0.5	80	1	0.106727248202688
0.5	90	0.1	0.17359265844138
0.5	90	0.2	0.153867442253226
0.5	90	0.3	0.136026279868038
0.5	90	0.4	0.115273272947912
0.5	90	0.5	0.120073979662695
0.5	90	0.6	0.113990813215665
0.5	90	0.7	0.114014365427898
0.5	90	0.8	0.1110974701414
0.5	90	0.9	0.111105168561978
0.5	90	1	0.111116101556869
0.5	100	0.1	0.170459915013729
0.5	100	0.2	0.154589448832532
0.5	100	0.3	0.134717251182757
0.5	100	0.4	0.118457802531219
0.5	100	0.5	0.12224493997785
0.5	100	0.6	0.115022714101656
0.5	100	0.7	0.115013307491273
0.5	100	0.8	0.115006057260357
0.5	100	0.9	0.115012539501393
0.5	100	1	0.114990846884862
0.5	150	0.1	0.161156608431118
0.5	150	0.2	0.130986557833841
0.5	150	0.3	0.118766914853041
0.5	150	0.4	0.121445139183615
0.5	150	0.5	0.123616436852902
0.5	150	0.6	0.123625011552363
0.5	150	0.7	0.123595066495452
0.5	150	0.8	0.123591316647172
0.5	150	0.9	0.123579953624669
0.5	150	1	0.123584426528904
0.5	200	0.1	0.152635355221923
0.5	200	0.2	0.129887352812775
0.5	200	0.3	0.117693029642124
0.5	200	0.4	0.111103257441047
0.5	200	0.5	0.113750555915515
0.5	200	0.6	0.113761330289216
0.5	200	0.7	0.113746580495739
0.5	200	0.8	0.113737091151724
0.5	200	0.9	0.113728492347052
0.5	200	1	0.113718930032294
0.5	500	0.1	0.133345407415635
0.5	500	0.2	0.102381648226199
0.5	500	0.3	0.0791536497811812
0.5	500	0.4	0.0791317245250048
0.5	500	0.5	0.0791110781241582
0.5	500	0.6	0.0791368618242009
0.5	500	0.7	0.0791037950360459
0.5	500	0.8	0.0790971516783039
0.5	500	0.9	0.0791019678221001
0.5	500	1	0.079102666976275
0.5	1000	0.1	0.0995928502700552
0.5	1000	0.2	0.0814060597656276
0.5	1000	0.3	0.0605939700030332
0.5	1000	0.4	0.0605733039901895
0.5	1000	0.5	0.0605649925350753
0.5	1000	0.6	0.0605698973273576
0.5	1000	0.7	0.0605555269787466
0.5	1000	0.8	0.0605539748799657
0.5	1000	0.9	0.06054394108423
0.5	1000	1	0.0605552796993328
1	0.01	0.1	0.108513133417272
1	0.01	0.2	0.127644297312108
1	0.01	0.3	0.131681402006743
1	0.01	0.4	0.137074067835126
1	0.01	0.5	0.155793859421484
1	0.01	0.6	0.154394537233157
1	0.01	0.7	0.139615648749071
1	0.01	0.8	0.143940210594716
1	0.01	0.9	0.128447313659629
1	0.01	1	0.113632999006829
1	0.1	0.1	0.0991751202717451
1	0.1	0.2	0.161427588788268
1	0.1	0.3	0.14839713850956
1	0.1	0.4	0.152545324641427
1	0.1	0.5	0.157647909106214
1	0.1	0.6	0.156873885915389
1	0.1	0.7	0.171167704688015
1	0.1	0.8	0.177845718022185
1	0.1	0.9	0.152723663794263
1	0.1	1	0.129395312757919
1	1	0.1	0.141567897585185
1	1	0.2	0.168449256096853
1	1	0.3	0.178159584276672
1	1	0.4	0.177775783213319
1	1	0.5	0.174766341119672
1	1	0.6	0.149628372016102
1	1	0.7	0.162767542374594
1	1	0.8	0.152359714229704
1	1	0.9	0.149214948042552
1	1	1	0.148472281006658
1	10	0.1	0.17345126443206
1	10	0.2	0.173875167397569
1	10	0.3	0.192455216378849
1	10	0.4	0.195155427533799
1	10	0.5	0.179993404312001
1	10	0.6	0.177850413619937
1	10	0.7	0.168574678598975
1	10	0.8	0.137804957165572
1	10	0.9	0.139103968013087
1	10	1	0.139048350581526
1	20	0.1	0.168551500099383
1	20	0.2	0.18927126949847
1	20	0.3	0.177651620328392
1	20	0.4	0.17607238949733
1	20	0.5	0.159364205132746
1	20	0.6	0.157364016192487
1	20	0.7	0.141973591121481
1	20	0.8	0.14586158957276
1	20	0.9	0.145881150990542
1	20	1	0.145838419574388
1	30	0.1	0.183161852455576
1	30	0.2	0.168644200517351
1	30	0.3	0.162731959689393
1	30	0.4	0.142949587188968
1	30	0.5	0.149701852170072
1	30	0.6	0.125188247435221
1	30	0.7	0.128453468163205
1	30	0.8	0.128398919209558
1	30	0.9	0.128413817559891
1	30	1	0.128382299548798
1	40	0.1	0.188107387791951
1	40	0.2	0.176543471152459
1	40	0.3	0.15619619925839
1	40	0.4	0.142285234866044
1	40	0.5	0.136162220152651
1	40	0.6	0.116850732662257
1	40	0.7	0.115066219977607
1	40	0.8	0.115042300692548
1	40	0.9	0.115047040990467
1	40	1	0.115037497545825
1	50	0.1	0.189418073071056
1	50	0.2	0.171974196133156
1	50	0.3	0.153924217643517
1	50	0.4	0.144799206222526
1	50	0.5	0.126569251360686
1	50	0.6	0.0994658968363002
1	50	0.7	0.105730602912155
1	50	0.8	0.105708405295117
1	50	0.9	0.105774640853951
1	50	1	0.105841918290189
1	60	0.1	0.191488745904019
1	60	0.2	0.168884159732297
1	60	0.3	0.14156736011842
1	60	0.4	0.131445436352818
1	60	0.5	0.120790852310706
1	60	0.6	0.100794478321832
1	60	0.7	0.100817133795399
1	60	0.8	0.100814391940619
1	60	0.9	0.100789239749452
1	60	1	0.100779743185836
1	70	0.1	0.181718324278807
1	70	0.2	0.159341434133884
1	70	0.3	0.138861295337072
1	70	0.4	0.121912958176389
1	70	0.5	0.117574950906187
1	70	0.6	0.100743931028051
1	70	0.7	0.100734790077558
1	70	0.8	0.100744352908011
1	70	0.9	0.100716892782365
1	70	1	0.100676116788811
1	80	0.1	0.175445477121387
1	80	0.2	0.155768934193863
1	80	0.3	0.143866919166837
1	80	0.4	0.119271103193936
1	80	0.5	0.118293901861007
1	80	0.6	0.106749407761028
1	80	0.7	0.106740205161711
1	80	0.8	0.106758508642828
1	80	0.9	0.109614703964215
1	80	1	0.106727248202688
1	90	0.1	0.17359265844138
1	90	0.2	0.153867442253226
1	90	0.3	0.136026279868038
1	90	0.4	0.115273272947912
1	90	0.5	0.120073979662695
1	90	0.6	0.113990813215665
1	90	0.7	0.114014365427898
1	90	0.8	0.1110974701414
1	90	0.9	0.111105168561978
1	90	1	0.111116101556869
1	100	0.1	0.170459915013729
1	100	0.2	0.154589448832532
1	100	0.3	0.134717251182757
1	100	0.4	0.118457802531219
1	100	0.5	0.12224493997785
1	100	0.6	0.115022714101656
1	100	0.7	0.115013307491273
1	100	0.8	0.115006057260357
1	100	0.9	0.115012539501393
1	100	1	0.114990846884862
1	150	0.1	0.161156608431118
1	150	0.2	0.130986557833841
1	150	0.3	0.118766914853041
1	150	0.4	0.121445139183615
1	150	0.5	0.123616436852902
1	150	0.6	0.123625011552363
1	150	0.7	0.123595066495452
1	150	0.8	0.123591316647172
1	150	0.9	0.123579953624669
1	150	1	0.123584426528904
1	200	0.1	0.152635355221923
1	200	0.2	0.129887352812775
1	200	0.3	0.117693029642124
1	200	0.4	0.111103257441047
1	200	0.5	0.113750555915515
1	200	0.6	0.113761330289216
1	200	0.7	0.113746580495739
1	200	0.8	0.113737091151724
1	200	0.9	0.113728492347052
1	200	1	0.113718930032294
1	500	0.1	0.133345407415635
1	500	0.2	0.102381648226199
1	500	0.3	0.0791536497811812
1	500	0.4	0.0791317245250048
1	500	0.5	0.0791110781241582
1	500	0.6	0.0791368618242009
1	500	0.7	0.0791037950360459
1	500	0.8	0.0790971516783039
1	500	0.9	0.0791019678221001
1	500	1	0.079102666976275
1	1000	0.1	0.0995928502700552
1	1000	0.2	0.0814060597656276
1	1000	0.3	0.0605939700030332
1	1000	0.4	0.0605733039901895
1	1000	0.5	0.0605649925350753
1	1000	0.6	0.0605698973273576
1	1000	0.7	0.0605555269787466
1	1000	0.8	0.0605539748799657
1	1000	0.9	0.06054394108423
1	1000	1	0.0605552796993328
2	0.01	0.1	0.108513133417272
2	0.01	0.2	0.127644297312108
2	0.01	0.3	0.131681402006743
2	0.01	0.4	0.137074067835126
2	0.01	0.5	0.155793859421484
2	0.01	0.6	0.154394537233157
2	0.01	0.7	0.139615648749071
2	0.01	0.8	0.143940210594716
2	0.01	0.9	0.128447313659629
2	0.01	1	0.113632999006829
2	0.1	0.1	0.0991751202717451
2	0.1	0.2	0.161427588788268
2	0.1	0.3	0.14839713850956
2	0.1	0.4	0.152545324641427
2	0.1	0.5	0.157647909106214
2	0.1	0.6	0.156873885915389
2	0.1	0.7	0.171167704688015
2	0.1	0.8	0.177845718022185
2	0.1	0.9	0.152723663794263
2	0.1	1	0.129395312757919
2	1	0.1	0.141567897585185
2	1	0.2	0.168449256096853
2	1	0.3	0.178159584276672
2	1	0.4	0.177775783213319
2	1	0.5	0.174766341119672
2	1	0.6	0.149628372016102
2	1	0.7	0.162767542374594
2	1	0.8	0.152359714229704
2	1	0.9	0.149214948042552
2	1	1	0.148472281006658
2	10	0.1	0.17345126443206
2	10	0.2	0.173875167397569
2	10	0.3	0.192455216378849
2	10	0.4	0.195155427533799
2	10	0.5	0.179993404312001
2	10	0.6	0.177850413619937
2	10	0.7	0.168574678598975
2	10	0.8	0.137804957165572
2	10	0.9	0.139103968013087
2	10	1	0.139048350581526
2	20	0.1	0.168551500099383
2	20	0.2	0.18927126949847
2	20	0.3	0.177651620328392
2	20	0.4	0.17607238949733
2	20	0.5	0.159364205132746
2	20	0.6	0.157364016192487
2	20	0.7	0.141973591121481
2	20	0.8	0.14586158957276
2	20	0.9	0.145881150990542
2	20	1	0.145838419574388
2	30	0.1	0.183161852455576
2	30	0.2	0.168644200517351
2	30	0.3	0.162731959689393
2	30	0.4	0.142949587188968
2	30	0.5	0.149701852170072
2	30	0.6	0.125188247435221
2	30	0.7	0.128453468163205
2	30	0.8	0.128398919209558
2	30	0.9	0.128413817559891
2	30	1	0.128382299548798
2	40	0.1	0.188107387791951
2	40	0.2	0.176543471152459
2	40	0.3	0.15619619925839
2	40	0.4	0.142285234866044
2	40	0.5	0.136162220152651
2	40	0.6	0.116850732662257
2	40	0.7	0.115066219977607
2	40	0.8	0.115042300692548
2	40	0.9	0.115047040990467
2	40	1	0.115037497545825
2	50	0.1	0.189418073071056
2	50	0.2	0.171974196133156
2	50	0.3	0.153924217643517
2	50	0.4	0.144799206222526
2	50	0.5	0.126569251360686
2	50	0.6	0.0994658968363002
2	50	0.7	0.105730602912155
2	50	0.8	0.105708405295117
2	50	0.9	0.105774640853951
2	50	1	0.105841918290189
2	60	0.1	0.191488745904019
2	60	0.2	0.168884159732297
2	60	0.3	0.14156736011842
2	60	0.4	0.131445436352818
2	60	0.5	0.120790852310706
2	60	0.6	0.100794478321832
2	60	0.7	0.100817133795399
2	60	0.8	0.100814391940619
2	60	0.9	0.100789239749452
2	60	1	0.100779743185836
2	70	0.1	0.181718324278807
2	70	0.2	0.159341434133884
2	70	0.3	0.138861295337072
2	70	0.4	0.121912958176389
2	70	0.5	0.117574950906187
2	70	0.6	0.100743931028051
2	70	0.7	0.100734790077558
2	70	0.8	0.100744352908011
2	70	0.9	0.100716892782365
2	70	1	0.100676116788811
2	80	0.1	0.175445477121387
2	80	0.2	0.155768934193863
2	80	0.3	0.143866919166837
2	80	0.4	0.119271103193936
2	80	0.5	0.118293901861007
2	80	0.6	0.106749407761028
2	80	0.7	0.106740205161711
2	80	0.8	0.106758508642828
2	80	0.9	0.109614703964215
2	80	1	0.106727248202688
2	90	0.1	0.17359265844138
2	90	0.2	0.153867442253226
2	90	0.3	0.136026279868038
2	90	0.4	0.115273272947912
2	90	0.5	0.120073979662695
2	90	0.6	0.113990813215665
2	90	0.7	0.114014365427898
2	90	0.8	0.1110974701414
2	90	0.9	0.111105168561978
2	90	1	0.111116101556869
2	100	0.1	0.170459915013729
2	100	0.2	0.154589448832532
2	100	0.3	0.134717251182757
2	100	0.4	0.118457802531219
2	100	0.5	0.12224493997785
2	100	0.6	0.115022714101656
2	100	0.7	0.115013307491273
2	100	0.8	0.115006057260357
2	100	0.9	0.115012539501393
2	100	1	0.114990846884862
2	150	0.1	0.161156608431118
2	150	0.2	0.130986557833841
2	150	0.3	0.118766914853041
2	150	0.4	0.121445139183615
2	150	0.5	0.123616436852902
2	150	0.6	0.123625011552363
2	150	0.7	0.123595066495452
2	150	0.8	0.123591316647172
2	150	0.9	0.123579953624669
2	150	1	0.123584426528904
2	200	0.1	0.152635355221923
2	200	0.2	0.129887352812775
2	200	0.3	0.117693029642124
2	200	0.4	0.111103257441047
2	200	0.5	0.113750555915515
2	200	0.6	0.113761330289216
2	200	0.7	0.113746580495739
2	200	0.8	0.113737091151724
2	200	0.9	0.113728492347052
2	200	1	0.113718930032294
2	500	0.1	0.133345407415635
2	500	0.2	0.102381648226199
2	500	0.3	0.0791536497811812
2	500	0.4	0.0791317245250048
2	500	0.5	0.0791110781241582
2	500	0.6	0.0791368618242009
2	500	0.7	0.0791037950360459
2	500	0.8	0.0790971516783039
2	500	0.9	0.0791019678221001
2	500	1	0.079102666976275
2	1000	0.1	0.0995928502700552
2	1000	0.2	0.0814060597656276
2	1000	0.3	0.0605939700030332
2	1000	0.4	0.0605733039901895
2	1000	0.5	0.0605649925350753
2	1000	0.6	0.0605698973273576
2	1000	0.7	0.0605555269787466
2	1000	0.8	0.0605539748799657
2	1000	0.9	0.06054394108423
2	1000	1	0.0605552796993328
5	0.01	0.1	0.108513133417272
5	0.01	0.2	0.127644297312108
5	0.01	0.3	0.131681402006743
5	0.01	0.4	0.137074067835126
5	0.01	0.5	0.155793859421484
5	0.01	0.6	0.154394537233157
5	0.01	0.7	0.139615648749071
5	0.01	0.8	0.143940210594716
5	0.01	0.9	0.128447313659629
5	0.01	1	0.113632999006829
5	0.1	0.1	0.0991751202717451
5	0.1	0.2	0.161427588788268
5	0.1	0.3	0.14839713850956
5	0.1	0.4	0.152545324641427
5	0.1	0.5	0.157647909106214
5	0.1	0.6	0.156873885915389
5	0.1	0.7	0.171167704688015
5	0.1	0.8	0.177845718022185
5	0.1	0.9	0.152723663794263
5	0.1	1	0.129395312757919
5	1	0.1	0.141567897585185
5	1	0.2	0.168449256096853
5	1	0.3	0.178159584276672
5	1	0.4	0.177775783213319
5	1	0.5	0.174766341119672
5	1	0.6	0.149628372016102
5	1	0.7	0.162767542374594
5	1	0.8	0.152359714229704
5	1	0.9	0.149214948042552
5	1	1	0.148472281006658
5	10	0.1	0.17345126443206
5	10	0.2	0.173875167397569
5	10	0.3	0.192455216378849
5	10	0.4	0.195155427533799
5	10	0.5	0.179993404312001
5	10	0.6	0.177850413619937
5	10	0.7	0.168574678598975
5	10	0.8	0.137804957165572
5	10	0.9	0.139103968013087
5	10	1	0.139048350581526
5	20	0.1	0.168551500099383
5	20	0.2	0.18927126949847
5	20	0.3	0.177651620328392
5	20	0.4	0.17607238949733
5	20	0.5	0.159364205132746
5	20	0.6	0.157364016192487
5	20	0.7	0.141973591121481
5	20	0.8	0.14586158957276
5	20	0.9	0.145881150990542
5	20	1	0.145838419574388
5	30	0.1	0.183161852455576
5	30	0.2	0.168644200517351
5	30	0.3	0.162731959689393
5	30	0.4	0.142949587188968
5	30	0.5	0.149701852170072
5	30	0.6	0.125188247435221
5	30	0.7	0.128453468163205
5	30	0.8	0.128398919209558
5	30	0.9	0.128413817559891
5	30	1	0.128382299548798
5	40	0.1	0.188107387791951
5	40	0.2	0.176543471152459
5	40	0.3	0.15619619925839
5	40	0.4	0.142285234866044
5	40	0.5	0.136162220152651
5	40	0.6	0.116850732662257
5	40	0.7	0.115066219977607
5	40	0.8	0.115042300692548
5	40	0.9	0.115047040990467
5	40	1	0.115037497545825
5	50	0.1	0.189418073071056
5	50	0.2	0.171974196133156
5	50	0.3	0.153924217643517
5	50	0.4	0.144799206222526
5	50	0.5	0.126569251360686
5	50	0.6	0.0994658968363002
5	50	0.7	0.105730602912155
5	50	0.8	0.105708405295117
5	50	0.9	0.105774640853951
5	50	1	0.105841918290189
5	60	0.1	0.191488745904019
5	60	0.2	0.168884159732297
5	60	0.3	0.14156736011842
5	60	0.4	0.131445436352818
5	60	0.5	0.120790852310706
5	60	0.6	0.100794478321832
5	60	0.7	0.100817133795399
5	60	0.8	0.100814391940619
5	60	0.9	0.100789239749452
5	60	1	0.100779743185836
5	70	0.1	0.181718324278807
5	70	0.2	0.159341434133884
5	70	0.3	0.138861295337072
5	70	0.4	0.121912958176389
5	70	0.5	0.117574950906187
5	70	0.6	0.100743931028051
5	70	0.7	0.100734790077558
5	70	0.8	0.100744352908011
5	70	0.9	0.100716892782365
5	70	1	0.100676116788811
5	80	0.1	0.175445477121387
5	80	0.2	0.155768934193863
5	80	0.3	0.143866919166837
5	80	0.4	0.119271103193936
5	80	0.5	0.118293901861007
5	80	0.6	0.106749407761028
5	80	0.7	0.106740205161711
5	80	0.8	0.106758508642828
5	80	0.9	0.109614703964215
5	80	1	0.106727248202688
5	90	0.1	0.17359265844138
5	90	0.2	0.153867442253226
5	90	0.3	0.136026279868038
5	90	0.4	0.115273272947912
5	90	0.5	0.120073979662695
5	90	0.6	0.113990813215665
5	90	0.7	0.114014365427898
5	90	0.8	0.1110974701414
5	90	0.9	0.111105168561978
5	90	1	0.111116101556869
5	100	0.1	0.170459915013729
5	100	0.2	0.154589448832532
5	100	0.3	0.134717251182757
5	100	0.4	0.118457802531219
5	100	0.5	0.12224493997785
5	100	0.6	0.115022714101656
5	100	0.7	0.115013307491273
5	100	0.8	0.115006057260357
5	100	0.9	0.115012539501393
5	100	1	0.114990846884862
5	150	0.1	0.161156608431118
5	150	0.2	0.130986557833841
5	150	0.3	0.118766914853041
5	150	0.4	0.121445139183615
5	150	0.5	0.123616436852902
5	150	0.6	0.123625011552363
5	150	0.7	0.123595066495452
5	150	0.8	0.123591316647172
5	150	0.9	0.123579953624669
5	150	1	0.123584426528904
5	200	0.1	0.152635355221923
5	200	0.2	0.129887352812775
5	200	0.3	0.117693029642124
5	200	0.4	0.111103257441047
5	200	0.5	0.113750555915515
5	200	0.6	0.113761330289216
5	200	0.7	0.113746580495739
5	200	0.8	0.113737091151724
5	200	0.9	0.113728492347052
5	200	1	0.113718930032294
5	500	0.1	0.133345407415635
5	500	0.2	0.102381648226199
5	500	0.3	0.0791536497811812
5	500	0.4	0.0791317245250048
5	500	0.5	0.0791110781241582
5	500	0.6	0.0791368618242009
5	500	0.7	0.0791037950360459
5	500	0.8	0.0790971516783039
5	500	0.9	0.0791019678221001
5	500	1	0.079102666976275
5	1000	0.1	0.0995928502700552
5	1000	0.2	0.0814060597656276
5	1000	0.3	0.0605939700030332
5	1000	0.4	0.0605733039901895
5	1000	0.5	0.0605649925350753
5	1000	0.6	0.0605698973273576
5	1000	0.7	0.0605555269787466
5	1000	0.8	0.0605539748799657
5	1000	0.9	0.06054394108423
5	1000	1	0.0605552796993328
10	0.01	0.1	0.108513133417272
10	0.01	0.2	0.127644297312108
10	0.01	0.3	0.131681402006743
10	0.01	0.4	0.137074067835126
10	0.01	0.5	0.155793859421484
10	0.01	0.6	0.154394537233157
10	0.01	0.7	0.139615648749071
10	0.01	0.8	0.143940210594716
10	0.01	0.9	0.128447313659629
10	0.01	1	0.113632999006829
10	0.1	0.1	0.0991751202717451
10	0.1	0.2	0.161427588788268
10	0.1	0.3	0.14839713850956
10	0.1	0.4	0.152545324641427
10	0.1	0.5	0.157647909106214
10	0.1	0.6	0.156873885915389
10	0.1	0.7	0.171167704688015
10	0.1	0.8	0.177845718022185
10	0.1	0.9	0.152723663794263
10	0.1	1	0.129395312757919
10	1	0.1	0.141567897585185
10	1	0.2	0.168449256096853
10	1	0.3	0.178159584276672
10	1	0.4	0.177775783213319
10	1	0.5	0.174766341119672
10	1	0.6	0.149628372016102
10	1	0.7	0.162767542374594
10	1	0.8	0.152359714229704
10	1	0.9	0.149214948042552
10	1	1	0.148472281006658
10	10	0.1	0.17345126443206
10	10	0.2	0.173875167397569
10	10	0.3	0.192455216378849
10	10	0.4	0.195155427533799
10	10	0.5	0.179993404312001
10	10	0.6	0.177850413619937
10	10	0.7	0.168574678598975
10	10	0.8	0.137804957165572
10	10	0.9	0.139103968013087
10	10	1	0.139048350581526
10	20	0.1	0.168551500099383
10	20	0.2	0.18927126949847
10	20	0.3	0.177651620328392
10	20	0.4	0.17607238949733
10	20	0.5	0.159364205132746
10	20	0.6	0.157364016192487
10	20	0.7	0.141973591121481
10	20	0.8	0.14586158957276
10	20	0.9	0.145881150990542
10	20	1	0.145838419574388
10	30	0.1	0.183161852455576
10	30	0.2	0.168644200517351
10	30	0.3	0.162731959689393
10	30	0.4	0.142949587188968
10	30	0.5	0.149701852170072
10	30	0.6	0.125188247435221
10	30	0.7	0.128453468163205
10	30	0.8	0.128398919209558
10	30	0.9	0.128413817559891
10	30	1	0.128382299548798
10	40	0.1	0.188107387791951
10	40	0.2	0.176543471152459
10	40	0.3	0.15619619925839
10	40	0.4	0.142285234866044
10	40	0.5	0.136162220152651
10	40	0.6	0.116850732662257
10	40	0.7	0.115066219977607
10	40	0.8	0.115042300692548
10	40	0.9	0.115047040990467
10	40	1	0.115037497545825
10	50	0.1	0.189418073071056
10	50	0.2	0.171974196133156
10	50	0.3	0.153924217643517
10	50	0.4	0.144799206222526
10	50	0.5	0.126569251360686
10	50	0.6	0.0994658968363002
10	50	0.7	0.105730602912155
10	50	0.8	0.105708405295117
10	50	0.9	0.105774640853951
10	50	1	0.105841918290189
10	60	0.1	0.191488745904019
10	60	0.2	0.168884159732297
10	60	0.3	0.14156736011842
10	60	0.4	0.131445436352818
10	60	0.5	0.120790852310706
10	60	0.6	0.100794478321832
10	60	0.7	0.100817133795399
10	60	0.8	0.100814391940619
10	60	0.9	0.100789239749452
10	60	1	0.100779743185836
10	70	0.1	0.181718324278807
10	70	0.2	0.159341434133884
10	70	0.3	0.138861295337072
10	70	0.4	0.121912958176389
10	70	0.5	0.117574950906187
10	70	0.6	0.100743931028051
10	70	0.7	0.100734790077558
10	70	0.8	0.100744352908011
10	70	0.9	0.100716892782365
10	70	1	0.100676116788811
10	80	0.1	0.175445477121387
10	80	0.2	0.155768934193863
10	80	0.3	0.143866919166837
10	80	0.4	0.119271103193936
10	80	0.5	0.118293901861007
10	80	0.6	0.106749407761028
10	80	0.7	0.106740205161711
10	80	0.8	0.106758508642828
10	80	0.9	0.109614703964215
10	80	1	0.106727248202688
10	90	0.1	0.17359265844138
10	90	0.2	0.153867442253226
10	90	0.3	0.136026279868038
10	90	0.4	0.115273272947912
10	90	0.5	0.120073979662695
10	90	0.6	0.113990813215665
10	90	0.7	0.114014365427898
10	90	0.8	0.1110974701414
10	90	0.9	0.111105168561978
10	90	1	0.111116101556869
10	100	0.1	0.170459915013729
10	100	0.2	0.154589448832532
10	100	0.3	0.134717251182757
10	100	0.4	0.118457802531219
10	100	0.5	0.12224493997785
10	100	0.6	0.115022714101656
10	100	0.7	0.115013307491273
10	100	0.8	0.115006057260357
10	100	0.9	0.115012539501393
10	100	1	0.114990846884862
10	150	0.1	0.161156608431118
10	150	0.2	0.130986557833841
10	150	0.3	0.118766914853041
10	150	0.4	0.121445139183615
10	150	0.5	0.123616436852902
10	150	0.6	0.123625011552363
10	150	0.7	0.123595066495452
10	150	0.8	0.123591316647172
10	150	0.9	0.123579953624669
10	150	1	0.123584426528904
10	200	0.1	0.152635355221923
10	200	0.2	0.129887352812775
10	200	0.3	0.117693029642124
10	200	0.4	0.111103257441047
10	200	0.5	0.113750555915515
10	200	0.6	0.113761330289216
10	200	0.7	0.113746580495739
10	200	0.8	0.113737091151724
10	200	0.9	0.113728492347052
10	200	1	0.113718930032294
10	500	0.1	0.133345407415635
10	500	0.2	0.102381648226199
10	500	0.3	0.0791536497811812
10	500	0.4	0.0791317245250048
10	500	0.5	0.0791110781241582
10	500	0.6	0.0791368618242009
10	500	0.7	0.0791037950360459
10	500	0.8	0.0790971516783039
10	500	0.9	0.0791019678221001
10	500	1	0.079102666976275
10	1000	0.1	0.0995928502700552
10	1000	0.2	0.0814060597656276
10	1000	0.3	0.0605939700030332
10	1000	0.4	0.0605733039901895
10	1000	0.5	0.0605649925350753
10	1000	0.6	0.0605698973273576
10	1000	0.7	0.0605555269787466
10	1000	0.8	0.0605539748799657
10	1000	0.9	0.06054394108423
10	1000	1	0.0605552796993328
20	0.01	0.1	0.108513133417272
20	0.01	0.2	0.127644297312108
20	0.01	0.3	0.131681402006743
20	0.01	0.4	0.137074067835126
20	0.01	0.5	0.155793859421484
20	0.01	0.6	0.154394537233157
20	0.01	0.7	0.139615648749071
20	0.01	0.8	0.143940210594716
20	0.01	0.9	0.128447313659629
20	0.01	1	0.113632999006829
20	0.1	0.1	0.0991751202717451
20	0.1	0.2	0.161427588788268
20	0.1	0.3	0.14839713850956
20	0.1	0.4	0.152545324641427
20	0.1	0.5	0.157647909106214
20	0.1	0.6	0.156873885915389
20	0.1	0.7	0.171167704688015
20	0.1	0.8	0.177845718022185
20	0.1	0.9	0.152723663794263
20	0.1	1	0.129395312757919
20	1	0.1	0.141567897585185
20	1	0.2	0.168449256096853
20	1	0.3	0.178159584276672
20	1	0.4	0.177775783213319
20	1	0.5	0.174766341119672
20	1	0.6	0.149628372016102
20	1	0.7	0.162767542374594
20	1	0.8	0.152359714229704
20	1	0.9	0.149214948042552
20	1	1	0.148472281006658
20	10	0.1	0.17345126443206
20	10	0.2	0.173875167397569
20	10	0.3	0.192455216378849
20	10	0.4	0.195155427533799
20	10	0.5	0.179993404312001
20	10	0.6	0.177850413619937
20	10	0.7	0.168574678598975
20	10	0.8	0.137804957165572
20	10	0.9	0.139103968013087
20	10	1	0.139048350581526
20	20	0.1	0.168551500099383
20	20	0.2	0.18927126949847
20	20	0.3	0.177651620328392
20	20	0.4	0.17607238949733
20	20	0.5	0.159364205132746
20	20	0.6	0.157364016192487
20	20	0.7	0.141973591121481
20	20	0.8	0.14586158957276
20	20	0.9	0.145881150990542
20	20	1	0.145838419574388
20	30	0.1	0.183161852455576
20	30	0.2	0.168644200517351
20	30	0.3	0.162731959689393
20	30	0.4	0.142949587188968
20	30	0.5	0.149701852170072
20	30	0.6	0.125188247435221
20	30	0.7	0.128453468163205
20	30	0.8	0.128398919209558
20	30	0.9	0.128413817559891
20	30	1	0.128382299548798
20	40	0.1	0.188107387791951
20	40	0.2	0.176543471152459
20	40	0.3	0.15619619925839
20	40	0.4	0.142285234866044
20	40	0.5	0.136162220152651
20	40	0.6	0.116850732662257
20	40	0.7	0.115066219977607
20	40	0.8	0.115042300692548
20	40	0.9	0.115047040990467
20	40	1	0.115037497545825
20	50	0.1	0.189418073071056
20	50	0.2	0.171974196133156
20	50	0.3	0.153924217643517
20	50	0.4	0.144799206222526
20	50	0.5	0.126569251360686
20	50	0.6	0.0994658968363002
20	50	0.7	0.105730602912155
20	50	0.8	0.105708405295117
20	50	0.9	0.105774640853951
20	50	1	0.105841918290189
20	60	0.1	0.191488745904019
20	60	0.2	0.168884159732297
20	60	0.3	0.14156736011842
20	60	0.4	0.131445436352818
20	60	0.5	0.120790852310706
20	60	0.6	0.100794478321832
20	60	0.7	0.100817133795399
20	60	0.8	0.100814391940619
20	60	0.9	0.100789239749452
20	60	1	0.100779743185836
20	70	0.1	0.181718324278807
20	70	0.2	0.159341434133884
20	70	0.3	0.138861295337072
20	70	0.4	0.121912958176389
20	70	0.5	0.117574950906187
20	70	0.6	0.100743931028051
20	70	0.7	0.100734790077558
20	70	0.8	0.100744352908011
20	70	0.9	0.100716892782365
20	70	1	0.100676116788811
20	80	0.1	0.175445477121387
20	80	0.2	0.155768934193863
20	80	0.3	0.143866919166837
20	80	0.4	0.119271103193936
20	80	0.5	0.118293901861007
20	80	0.6	0.106749407761028
20	80	0.7	0.106740205161711
20	80	0.8	0.106758508642828
20	80	0.9	0.109614703964215
20	80	1	0.106727248202688
20	90	0.1	0.17359265844138
20	90	0.2	0.153867442253226
20	90	0.3	0.136026279868038
20	90	0.4	0.115273272947912
20	90	0.5	0.120073979662695
20	90	0.6	0.113990813215665
20	90	0.7	0.114014365427898
20	90	0.8	0.1110974701414
20	90	0.9	0.111105168561978
20	90	1	0.111116101556869
20	100	0.1	0.170459915013729
20	100	0.2	0.154589448832532
20	100	0.3	0.134717251182757
20	100	0.4	0.118457802531219
20	100	0.5	0.12224493997785
20	100	0.6	0.115022714101656
20	100	0.7	0.115013307491273
20	100	0.8	0.115006057260357
20	100	0.9	0.115012539501393
20	100	1	0.114990846884862
20	150	0.1	0.161156608431118
20	150	0.2	0.130986557833841
20	150	0.3	0.118766914853041
20	150	0.4	0.121445139183615
20	150	0.5	0.123616436852902
20	150	0.6	0.123625011552363
20	150	0.7	0.123595066495452
20	150	0.8	0.123591316647172
20	150	0.9	0.123579953624669
20	150	1	0.123584426528904
20	200	0.1	0.152635355221923
20	200	0.2	0.129887352812775
20	200	0.3	0.117693029642124
20	200	0.4	0.111103257441047
20	200	0.5	0.113750555915515
20	200	0.6	0.113761330289216
20	200	0.7	0.113746580495739
20	200	0.8	0.113737091151724
20	200	0.9	0.113728492347052
20	200	1	0.113718930032294
20	500	0.1	0.133345407415635
20	500	0.2	0.102381648226199
20	500	0.3	0.0791536497811812
20	500	0.4	0.0791317245250048
20	500	0.5	0.0791110781241582
20	500	0.6	0.0791368618242009
20	500	0.7	0.0791037950360459
20	500	0.8	0.0790971516783039
20	500	0.9	0.0791019678221001
20	500	1	0.079102666976275
20	1000	0.1	0.0995928502700552
20	1000	0.2	0.0814060597656276
20	1000	0.3	0.0605939700030332
20	1000	0.4	0.0605733039901895
20	1000	0.5	0.0605649925350753
20	1000	0.6	0.0605698973273576
20	1000	0.7	0.0605555269787466
20	1000	0.8	0.0605539748799657
20	1000	0.9	0.06054394108423
20	1000	1	0.0605552796993328
