0.5523007
25.20136
3.801649
2.647406
-22.06479
2.598166
6.777539
-28.62173
-9.560019
-6.225716
53.52265
26.63412
32.95065
-3.080912
-32.06693
3.335391
84.61169
12.29004
31.10096
15.64838
70.78618
51.57545
11.42428
31.54576
42.10996
16.42842
27.61071
-15.70878
34.01387
3.156817
-0.7228399
-0.4352172
37.86462
42.2006
26.04315
-11.06434
14.76144
-0.3315716
10.56
66.96092
12.50417
25.8169
25.72953
6.788332
27.3105
-9.897938
-10.93406
-5.533376
-15.95583
74.1667
7.028081
44.70102
14.92222
-1.91057
9.327795
-54.31322
17.25202
16.0498
13.75687
-22.73189
12.85776
34.95805
-1.599624
-30.01339
15.15309
-17.85627
8.014827
13.91472
28.48793
22.22986
48.58531
46.17249
-11.71238
30.27861
-12.90671
-9.763689
17.46127
20.98278
-6.23809
41.27628
-14.1991
-19.08514
0.83471
12.54289
23.43637
27.59342
-3.880877
9.791399
5.40904
9.969917
15.12149
-5.089002
40.95128
5.682313
14.52455
-24.26203
2.621549
34.01219
-5.806061
86.79528
7.869519
63.35664
4.550227
64.09607
69.18126
-2.994842
28.82544
50.71988
28.49871
22.0403
9.47785
-2.729943
7.780747
16.60508
-5.119503
21.87748
17.28719
-22.10678
-1.133418
-15.21563
20.63351
14.24153
15.59449
17.40815
25.34337
10.06462
3.707614
-24.49662
43.87407
3.646937
-2.276035
3.94674
-6.294411
10.36244
-2.01211
-10.30196
48.22565
-18.15411
118.1512
-13.36032
11.93112
-1.120614
22.03986
6.567665
1.512657
0.007386935
3.03363
1.200509
3.404341
-6.860539
-13.32454
15.53071
-12.10795
3.215552
13.25013
46.49813
-30.98399
28.05505
57.98544
17.17963
0.7853992
-20.82109
4.071763
13.26256
2.858895
237.3764
0.3925452
13.32488
1.756911
3.388686
25.22937
-2.545934
64.96824
35.51502
26.93747
11.51026
67.79423
5.737254
-8.885992
0.5520839
-30.39527
9.475774
54.81554
5.856948
43.20076
5.194212
4.259663
-4.114951
-9.141138
32.23424
-13.63462
6.193549
24.46243
17.08969
22.63242
0.797784
12.87147
21.5562
2.272833
-6.953573
1.231675
-47.5512
13.21102
-26.02004
-14.51429
4.902747
38.73388
14.69232
12.29698
8.836613
-15.22839
29.05815
27.30015
-0.0411081
2.885581
13.01508
-0.5664
6.202266
0.01351545
1.723741
21.27462
-17.57887
20.43965
-46.11111
25.35557
15.75259
34.45437
21.76308
-6.077363
31.17159
25.91807
34.87431
28.93864
10.08948
7.439029
-3.743074
16.88129
14.21441
-6.839067
9.317672
16.93655
37.37314
2.248126
-27.78317
40.73554
-3.384268
58.52006
93.26844
29.1901
30.92811
-5.980718
-36.58125
12.63891
-2.710603
61.05855
8.5456
26.51374
-4.53358
-11.27415
15.50704
-24.96139
5.722309
57.30354
53.06514
6.20384
27.68068
106.8248
25.703
19.76623
15.82581
-3.907671
3.157859
-0.6367973
3.220078
10.18352
-45.68157
-32.91013
-7.985494
-15.16889
-6.024088
-8.253868
-31.07631
12.91735
21.12582
0.3154222
-11.10421
11.25531
63.79015
25.96628
-1.666716
-7.763957
-10.00055
5.381046
-1.800398
1.102474
20.21112
65.79356
24.67497
23.06369
-9.153783
-2.773666
35.86891
1.357379
-4.959348
11.91089
1.11613
4.970321
-5.823226
4.246545
42.23113
-4.623039
-14.63024
-47.11859
16.67653
45.40276
-38.6174
3.676564
11.96001
12.53683
-19.51674
-37.88861
41.29233
-15.08077
-5.370052
16.46099
-3.95483
75.93458
9.070451
-5.234969
26.30001
22.37053
4.708188
11.96227
5.565547
-1.498488
4.746579
28.28921
25.57379
6.436748
0.1283973
5.172644
9.312902
-8.017595
-43.92558
14.85956
20.14626
3.243592
9.961978
-7.679866
-7.039191
32.78066
42.1773
-23.16893
-38.83305
-2.878204
24.03855
35.09351
1.844097
2.882632
-42.77356
10.80949
-5.470392
-1.508726
24.84664
17.32884
4.471512
50.3246
35.65096
12.73991
57.32646
-9.994246
3.361126
-21.11725
13.44038
22.86808
20.66254
65.47378
35.43825
-10.22941
86.10804
-35.60649
39.78023
1.529579
2.542528
20.24033
27.41469
-11.47321
220.3445
-8.310624
9.591303
2.770118
75.28513
-15.07413
-10.13046
1.742103
10.54166
5.418103
23.57056
37.87168
5.717349
5.336116
14.90884
15.21608
17.71496
16.68108
-3.527172
25.82214
6.743824
26.44613
32.77316
29.79253
-0.327511
-6.855216
6.599677
-10.20944
12.66288
-9.259832
64.74079
50.61146
-4.177698
-18.59214
13.55083
-3.271674
22.90047
6.16941
78.08926
-17.26343
-18.87313
-6.516702
32.43808
-22.871
11.23007
-0.6210341
3.443067
8.182737
-49.92337
21.49142
34.69914
45.02714
30.77961
3.001454
13.94876
7.968084
34.14089
10.64372
9.03033
10.95871
38.62213
6.1302
17.99035
71.09962
2.327113
-2.987985
23.01357
16.6942
16.37772
-0.9842621
-38.6228
30.93239
6.673409
-1.040407
33.7206
25.38014
-12.20187
32.66274
20.09961
-2.753958
12.89416
21.26834
58.95993
-10.6617
-12.6923
29.86598
24.96887
11.22964
7.107197
11.67935
6.927788
13.62757
-0.2337827
-4.91609
23.83431
19.64844
-11.08194
31.89342
-16.24268
3.065462
56.23353
56.77943
15.83587
-37.95759
39.41124
16.11686
6.567307
-37.31287
22.42314
13.22047
32.40212
15.5706
-9.954348
51.3085
6.553296
59.91482
-3.109833
1.055999
-46.61906
31.90363
23.09169
3.399323
-9.067485
6.784097
-10.45959
3.31332
-6.729425
25.45322
35.02862
27.64164
-5.610764
53.44158
44.15751
-1.718373
-15.49609
9.250581
18.67573
-10.07995
13.15388
-9.105909
-7.399541
20.57419
-19.63386
5.805401
37.07141
51.03849
-53.60858
2.610545
15.46098
-2.468558
59.04679
25.63454
48.47307
-26.43047
27.27083
38.74999
0.9634879
-2.339365
6.107714
7.992271
20.26494
-34.06364
-4.212955
21.28395
-8.298241
-16.43859
22.76175
22.00043
-13.53915
12.69365
30.48773
36.68631
-29.93607
-1.063422
48.97047
-10.43832
4.850328
29.69523
1.496421
-23.596
-7.4713
7.750952
2.656894
15.69866
33.17804
55.06239
26.5745
0.22879
9.937758
-0.9071024
-33.24525
-15.33801
8.020787
24.37863
1.768877
-1.784113
26.53115
10.67811
-17.58036
-24.74415
-22.43497
12.50661
21.9132
31.80285
52.66815
1.779814
48.75784
-31.69333
32.16552
-48.17627
47.21145
-0.3813019
-21.13922
8.141865
-11.91837
42.66763
-11.71682
62.30205
12.96846
36.33373
83.41135
18.30981
-87.89844
14.61433
49.00117
-47.35924
-3.211112
12.89611
-10.7695
59.67383
18.82947
1.119112
36.29228
3.625408
0.4810218
32.99623
31.27616
-32.06632
32.81099
-4.66841
14.10377
34.77333
17.54654
112.3072
-11.3501
13.76886
-41.79166
5.811497
-9.101048
3.142523
48.32354
-12.64251
-16.49354
49.08166
40.21481
21.95086
20.02537
7.891496
13.03987
-8.865079
21.77097
14.62486
-178.6541
13.94696
24.47396
6.416326
58.82512
20.68262
20.51677
-1.243352
7.759386
5.014957
8.341717
40.04342
-19.81054
2.721688
0.8612791
5.12031
32.18546
9.015093
16.83164
-0.7425711
56.20645
58.33042
3.578123
4.117219
-12.82158
20.34692
13.11811
2.673332
27.19971
-24.36761
-1.496256
-19.0843
-5.013119
57.50511
-18.87524
-18.58797
26.17331
26.04463
9.388698
40.40864
27.75355
19.86072
5.213011
6.614022
43.44764
-14.84701
14.85647
23.01569
-22.58671
27.19964
57.69479
34.24538
8.523461
5.074641
11.26972
-3.088848
5.001485
5.013978
6.61977
47.01936
52.80788
4.53158
2.676949
27.85968
27.15836
-25.50691
10.44887
7.8161
11.9905
35.50456
15.86715
-1.116707
69.06695
4.670391
15.01301
4.000516
-17.27948
15.52841
27.26663
0.1430406
-15.47986
-1.172512
-3.900104
41.05598
23.94169
4.356899
51.98533
48.02275
-12.53156
-1.132942
-23.66909
26.71756
-35.29034
10.28707
-13.19094
17.98231
2.493606
53.87112
4.043294
48.22027
2.739398
14.16864
20.39265
12.50399
-12.31963
9.824909
-5.017739
12.17432
3.267776
-37.82343
25.22752
9.202446
32.02186
-3.448257
17.64808
20.20307
-13.91897
33.06074
4.655709
-42.17625
-18.13011
-11.54618
2.041987
11.19242
-9.036282
92.87635
14.34996
-1.091063
18.70155
28.44153
-0.2366701
134.1807
45.0912
10.52669
-0.7297311
16.40498
18.41805
25.75817
-15.04397
14.9569
-4.008479
10.4119
36.16877
-49.69178
2.45113
0.9178461
14.43257
-6.903505
-20.94756
-16.33541
-18.41464
2.965218
-12.38291
-14.69828
-42.59749
14.02318
-26.72691
8.707077
-39.80713
43.32659
16.12461
-13.20491
14.76245
35.226
35.20325
33.95664
30.64062
-18.74556
-6.437105
2.481109
-12.64301
5.632736
4.985632
-20.56418
45.53811
-13.59996
17.31706
11.4357
10.86356
-9.873476
14.30177
-9.171456
21.63577
19.19952
-1.497248
-0.1306266
38.00554
-4.292409
-11.2459
-1.500567
49.99202
48.04435
6.415182
-8.846129
22.46324
-17.92891
9.032871
12.077
26.99353
-35.27396
2.072074
80.9991
44.43416
24.49272
19.4639
59.11532
6.628513
9.547578
73.42558
-20.67056
66.47357
28.905
18.44421
6.221262
19.10105
-10.43963
-27.84904
27.30535
23.1871
3.792637
-2.978066
-0.6242202
19.42189
27.14271
-25.89079
95.24409
6.010587
16.46946
114.3452
12.95588
107.0726
-9.931216
9.755133
-0.4213918
-0.3957757
-16.95827
-6.630298
34.80409
36.10596
2.434991
100.7365
3.326553
-1.035023
-6.851331
19.76374
16.72996
-4.845865
8.369753
42.93897
38.96104
69.96979
12.39044
53.77934
21.40012
20.0893
42.58561
5.710976
4.858052
-10.16303
18.32364
14.83117
-7.76057
13.53424
54.76063
75.0193
33.99801
-11.02539
-13.05606
15.96133
32.83178
36.19486
9.494321
36.65196
34.84727
5.883256
2.434542
39.45437
22.08577
5.202981
-14.24939
59.52634
5.983637
16.48142
-7.385175
1.029495
72.17994
31.87283
-9.509719
36.53315
25.53357
45.50561
-8.43381
-1.447185
51.79689
-9.461145
11.37035
17.62158
-14.28021
3.764896
34.53177
75.40316
-16.70528
50.84485
21.52029
1.589139
29.20975
27.79395
37.3667
-12.56483
40.90406
3.935983
19.62715
-5.343665
2.463675
10.29316
25.39046
48.54537
8.094075
66.76868
11.71812
30.53991
12.15362
-13.23412
0.2602172
8.18666
9.595285
-9.996189
15.21561
28.28627
-1.687451
-23.64164
31.0355
23.59868
4.76991
19.35662
-101.5864
36.30788
10.27425
-2.276951
29.25684
114.8552
-4.151248
48.69135
-2.30333
33.89171
20.64784
-18.90988
1.7249
17.88657
7.212933
26.2576
81.91457
2.413511
2.826144
-11.19588
108.1946
-15.33537
21.35294
12.83989
46.48285
-6.49964
21.75473
-3.514158
0.3666923
-13.32579
18.33449
22.62157
-5.643498
-2.529866
9.610014
44.36827
-20.63159
-9.863793
12.20152
5.742608
-29.95077
13.46476
-1.348835
8.75349
3.006479
30.52659
-8.942542
15.84934
-6.124637
20.66885
-5.997694
11.02137
-9.038782
2.428465
-33.44685
8.120883
-19.48857
9.311391
4.560273
22.0379
-0.7101762
-16.08685
62.07536
3.139188
9.203872
13.26753
28.17354
27.19579
-27.33424
2.537269
52.07144
38.59413
-1.835498
22.43619
2.761414
43.48635
-7.814339
37.84039
38.33444
-0.9397268
-13.29691
-15.98586
59.57785
-7.164226
-18.28101
-1.698441
-24.96078
-10.01942
5.238078
6.665121
0.1641945
32.70071
33.36653
88.16166
3.972506
16.31044
7.704466
14.6339
35.91136
-6.894141
23.87985
73.02446
1.444958
18.20052
62.42558
47.09623
4.757508
26.01248
18.45182
-22.51192
20.9673
-10.77771
8.624525
-8.579723
54.85981
8.291264
19.36093
42.25022
-35.5294
5.142114
10.58274
30.07561
6.446547
11.75751
39.24142
69.60122
28.78011
18.13581
4.862411
35.633
72.74892
29.662
26.22214
-11.22572
24.88766
0.276685
3.237665
53.61903
-13.99233
48.23978
-1.423423
-10.80256
17.66288
23.27338
7.650171
-9.584415
21.40489
19.85155
9.376265
11.72054
31.61591
-4.365317
20.32464
9.670229
27.39164
-36.29478
-35.51228
-0.04571745
11.67747
-2.60927
-3.593691
31.86629
13.61246
22.06791
18.89769
9.977274
11.72995
23.68558
5.116957
-15.31246
0.33427
-1.859749
-9.940468
33.47378
22.76305
43.74522
32.07897
-29.96694
34.05646
-15.55902
-17.13851
-43.49556
76.29174
15.71279
31.65666
3.629126
-70.72998
-78.25283
18.19243
44.10317
-7.565757
39.6997
5.519751
-0.5452092
7.070362
68.97629
-22.61271
-19.95509
4.146128
-12.0481
-22.20093
15.65201
11.62825
-5.843584
5.739879
-29.67223
12.70572
26.29952
4.230704
0.8608555
25.79427
3.410365
-5.950885
8.927432
2.628383
19.57296
11.97265
5.083751
47.83311
-29.82461
8.731306
-4.151493
-4.968216
17.88325
-1.031448
34.8975
28.35215
100.9543
-3.505665
-0.1666601
-5.554851
-6.055594
2.572496
15.98954
49.82728
-43.07365
6.184136
-30.95454
6.385782
35.24843
-26.34301
43.08746
32.95021
-1.023761
7.281745
31.0332
-6.632685
37.88414
12.91164
-1.395562
-16.27782
22.51686
31.89227
-7.004386
56.20092
20.95919
-1.782822
-24.00446
64.35238
0.8111451
-27.67313
15.20795
16.02889
16.41538
-12.8115
46.84535
17.00553
59.1182
31.8205
24.7168
28.8835
17.14019
15.19502
3.53733
-4.482228
-11.19866
-16.0194
14.53352
30.27155
3.433078
7.526779
35.98297
-8.991378
-11.43911
15.75368
28.8805
30.20235
23.74794
7.06391
20.91369
70.5352
-2.906901
30.3659
3.02897
-24.13237
-22.35887
110.0426
35.94197
52.52023
-22.21899
7.786225
48.05224
14.37281
7.540647
9.590594
31.25151
39.05313
104.7569
-9.456454
34.9084
26.87017
-29.82683
36.66062
0.7984304
127.2922
7.279093
33.92858
15.59288
5.26699
3.305902
0.6454424
13.51102
15.32469
6.21804
0.1959933
45.1207
58.2951
2.335289
-11.91822
-5.738417
3.517094
-14.667
74.66898
-7.882297
-27.21596
21.87577
-10.4865
71.06812
15.77256
11.19432
116.4672
25.07083
3.564371
0.8253902
9.045958
27.41059
18.67458
37.32471
46.57632
19.6624
24.2367
-2.263145
18.31925
64.39026
51.43114
12.53989
23.23026
5.015081
3.989298
15.11293
-14.79173
-41.87943
-0.6685724
-2.881406
-35.0508
-5.803738
41.782
28.49418
27.49451
-0.630942
20.48231
26.3871
53.1239
27.4007
38.39177
9.718463
-32.75178
90.44495
-0.8797212
47.21543
-27.59417
14.95352
14.36195
17.30208
18.34433
0.3758422
-20.26795
36.53175
-17.2007
-20.02647
-1.672017
69.31692
11.05319
-7.765347
-1.628266
53.9436
-2.968035
15.77519
32.19862
11.77991
21.13484
-0.3504166
26.76804
28.39611
33.86636
45.51825
-10.00178
-4.011929
20.0607
14.21987
-37.8388
-18.80834
2.635467
7.072155
-18.08964
29.35915
-20.1918
21.9704
-6.002984
-0.801993
30.88296
0.03930111
3.734453
7.25458
23.26164
-28.3524
4.376081
17.15858
56.10523
0.9745206
-1.773547
10.02868
13.50662
46.20775
42.21827
20.15778
24.94119
31.56132
44.27238
-30.83873
-2.879886
10.64219
8.80018
24.07999
-24.40014
10.2543
4.567143
-0.4745446
24.60826
17.86787
42.19433
-22.20968
3.35151
17.25819
7.696937
60.93739
39.0889
-28.46768
13.45881
-4.028207
34.57878
-9.472862
27.2476
7.464531
9.711389
2.609344
56.57299
95.21907
47.2247
-25.05916
28.08716
-0.0207042
61.93823
62.02191
18.02491
22.76802
7.986024
32.55876
1.69967
-6.713923
-5.958732
6.330129
-4.245935
3.244543
1.693221
-28.19635
12.23501
-30.30016
37.25778
3.876511
68.72678
-2.891425
28.03853
16.59258
10.14614
14.81612
38.93013
18.30909
46.35798
-8.93609
14.85942
24.53776
23.4814
16.31893
-17.89879
-0.3383981
14.94563
-20.33754
-45.04011
-7.164776
65.03906
20.50806
28.28184
-12.35887
31.4461
54.02718
8.914879
43.55755
-27.46162
16.69216
37.71558
34.97328
28.55891
24.32147
21.10739
28.54097
-5.774149
3.578846
8.128824
17.28562
23.92928
12.08049
2.133099
5.22171
-24.86501
-31.0305
10.72172
27.84563
-3.295388
11.00185
36.9506
15.16021
14.12636
14.18614
7.53797
-1.530253
0.7799228
29.89334
52.32034
8.781843
34.50574
-5.720383
43.64678
42.49975
35.67651
61.02119
-24.2455
41.05569
-36.25801
-21.10702
16.71756
6.329147
25.40705
-54.48843
29.66748
-5.601741
-4.723395
34.28769
22.94989
4.534253
83.7001
60.77705
-5.036041
-4.891449
38.75904
-17.58875
-3.986023
36.85192
32.29261
-19.61161
-1.81518
11.52239
-30.33513
14.30364
38.09322
10.17878
-3.897672
32.98485
-2.88879
20.58626
6.634295
3.495408
1.371758
29.80419
-2.78077
87.04385
-24.99259
29.4293
5.194003
2.736998
53.88914
-4.378617
24.19537
-18.34233
-15.18214
-1.536877
-0.561607
-20.87728
29.00382
21.29198
13.69409
-24.67385
0.7674337
3.968367
66.89596
42.04421
-41.02046
-0.1735897
23.4819
1.97932
30.0064
13.03962
11.13845
-11.51616
17.25327
-23.97568
6.407124
35.57842
12.01887
28.10739
79.41426
14.53491
-15.75108
27.3109
10.43293
8.109478
-30.44405
17.31489
6.83887
-10.98224
4.170554
-2.610332
10.78371
27.13055
24.11012
-18.68578
13.93663
17.3869
-26.73325
2.210563
-1.637312
13.37755
2.281585
-26.29248
0.5736392
55.24217
-11.95551
0.240729
27.66968
11.37323
1.735899
84.41957
-18.64662
-6.811293
49.03739
25.16221
12.61012
10.14969
11.04773
43.42115
46.08304
5.78087
2.004264
16.45965
24.16315
35.97158
11.02952
10.08948
7.24632
33.1404
28.43237
10.44146
-11.26686
-8.722925
-1.40555
17.36241
7.644483
49.47563
33.00217
4.725561
10.56155
-0.1645953
8.495394
-10.7516
-20.13516
34.64965
4.002826
8.727391
-20.74053
3.043114
14.10614
25.55663
-13.2763
13.48129
-0.1462845
-35.10474
103.6661
6.339869
-14.06975
-7.594529
60.80097
-5.615545
34.45161
33.05702
4.297028
10.79615
18.78778
30.5355
12.89628
39.65426
52.91752
33.79264
0.2484452
22.9615
-27.32585
31.33833
82.21023
-4.248463
8.925112
12.98182
-5.847473
-21.02149
-3.187302
8.901234
44.32309
8.153521
-0.4255949
-11.5801
0.6648298
-0.2131888
50.51452
28.68771
34.44695
43.78416
1.473032
-46.70657
-7.973875
7.779486
39.19775
-18.09395
32.22192
35.7663
60.55878
25.35105
71.11819
12.10537
-13.81908
4.402312
26.20163
5.587755
20.19474
61.87433
57.38142
-28.81766
-15.56534
37.18965
23.11047
25.40946
1.888488
-16.14572
32.70716
15.99293
-9.364899
3.211573
60.42145
-0.5817202
-26.52469
5.694801
13.64902
-17.81088
85.6308
21.94816
-0.9221652
0.04781795
19.80967
-25.08975
8.31689
0.7656868
11.12446
-38.33838
48.77588
-41.87792
-4.735825
-0.08082758
77.16998
-8.476032
4.095683
4.365294
-1.869222
41.82546
-13.70829
29.54039
15.26292
29.65441
17.68523
11.50638
4.386597
6.982051
34.56813
35.46388
-11.98931
