0.001	0.01	0.1	1.01733820654952	0.028267528999985	0.0920016048465929
0.001	0.01	0.2	0.995041943969573	0.02811255166222	0.0886218237560626
0.001	0.01	0.3	0.98843734343931	0.0221698944326815	0.0590365366544017
0.001	0.01	0.4	0.98634999809888	0.0117211247727272	0.0649103033612087
0.001	0.01	0.5	0.98497125316381	0.0170605175421129	0.0604770134267297
0.001	0.01	0.6	0.985335090045418	0.0116246141814488	0.0784712016230449
0.001	0.01	0.7	0.986885694784471	0.0225028565698478	0.054952099730172
0.001	0.01	0.8	0.990627704148771	0.0195442908561885	0.0541232486875588
0.001	0.01	0.9	0.992034942396258	0.0217147272217624	0.0693996946480259
0.001	0.01	1	0.99128179658416	0.0251727091385071	0.0688171090216199
0.001	0.1	0.1	0.992606213840011	0.0271965913275654	0.0767648915062776
0.001	0.1	0.2	0.94808680028768	0.0340318554567253	0.0825219527127292
0.001	0.1	0.3	0.929791087055938	0.0266495878895551	0.0635899958062388
0.001	0.1	0.4	0.924433175659017	0.0317630947311797	0.0689462358511452
0.001	0.1	0.5	0.925620084930863	0.0329011332820576	0.0574342912254834
0.001	0.1	0.6	0.922761912246104	0.0275303991085665	0.0587815949900884
0.001	0.1	0.7	0.922681139993757	0.0359374180006196	0.0748348227349926
0.001	0.1	0.8	0.919912258763773	0.0362670594713583	0.0691094019249839
0.001	0.1	0.9	0.921880729724981	0.0422813364476936	0.059160588197801
0.001	0.1	1	0.921343003616416	0.0401467471350709	0.0507575118111459
0.001	1	0.1	0.912614967086679	0.0448759419918665	0.0886838769888
0.001	1	0.2	0.86567452313827	0.0487122275974063	0.130525701178357
0.001	1	0.3	0.841558241316881	0.0528668190326878	0.111324194993137
0.001	1	0.4	0.838308409896451	0.0540026746862585	0.0959320111118295
0.001	1	0.5	0.839525389734387	0.0545999738246866	0.107887211527552
0.001	1	0.6	0.842636307910462	0.0547788683691065	0.114910318247699
0.001	1	0.7	0.847125242516702	0.0495096988268704	0.120327288135792
0.001	1	0.8	0.853019689327068	0.0470660349443329	0.109577228843707
0.001	1	0.9	0.85369813328757	0.0491840960783469	0.12233128960965
0.001	1	1	0.854140614332334	0.0492045617080171	0.121737437930196
0.001	10	0.1	0.911171320138317	0.0780354036727796	0.125151043790945
0.001	10	0.2	0.868703733454312	0.0787563261550411	0.139270641820117
0.001	10	0.3	0.859188547847983	0.0866443706020926	0.148510815930995
0.001	10	0.4	0.869889571713188	0.0859591496157657	0.137183809115775
0.001	10	0.5	0.887112228036402	0.0825176613936826	0.131401019903352
0.001	10	0.6	0.904180719394605	0.0811711104522445	0.115496610881244
0.001	10	0.7	0.920577624662227	0.077784774313931	0.115222231262717
0.001	10	0.8	0.9206058733777	0.0777781465755704	0.115224299907478
0.001	10	0.9	0.920621402357243	0.0777738897358001	0.115214946218694
0.001	10	1	0.920636063479825	0.0777612523805421	0.115223918446806
0.001	20	0.1	0.915154861547945	0.0941777395996622	0.13108043621773
0.001	20	0.2	0.886585284172482	0.0972177277487508	0.147683638780326
0.001	20	0.3	0.897374423545594	0.0982991927569139	0.151425258238158
0.001	20	0.4	0.923976386570182	0.0956821702941126	0.127936530465415
0.001	20	0.5	0.949903727167514	0.0905289531525852	0.125825139711029
0.001	20	0.6	0.967007127478429	0.0865444240720316	0.124536135377858
0.001	20	0.7	0.967032563236846	0.0865290157925984	0.124530143448482
0.001	20	0.8	0.967048333657464	0.0865239967589269	0.124524016039972
0.001	20	0.9	0.967077941873771	0.0865150632312736	0.124517646917057
0.001	20	1	0.967070152913184	0.0865161126890321	0.124551891064624
0.001	60	0.1	0.951633399578128	0.10408734185844	0.123206054285053
0.001	60	0.2	0.96948932818141	0.110203752987115	0.135274807418928
0.001	60	0.3	1.00097499080162	0.113459682219099	0.142299291764292
0.001	60	0.4	1.01618259388444	0.112652595877019	0.1444457752294
0.001	60	0.5	1.01619140790037	0.112659525723022	0.144439623018508
0.001	60	0.6	1.01622136756863	0.11265398221006	0.144440805182032
0.001	60	0.7	1.01624357590487	0.112654928769686	0.144444813209443
0.001	60	0.8	1.0162295194186	0.112654333460736	0.144433881354507
0.001	60	0.9	1.01624730176066	0.112648852382351	0.144432266102937
0.001	60	1	1.01624590439571	0.1126472049836	0.144453160537821
0.001	80	0.1	0.967314936173232	0.105361673252616	0.11110163585459
0.001	80	0.2	1.00012460532064	0.111040627830855	0.139117400840204
0.001	80	0.3	1.03750828114905	0.112028490191971	0.144600184155532
0.001	80	0.4	1.03753535763209	0.112027457266331	0.144606851459468
0.001	80	0.5	1.03754763494023	0.112029676496681	0.144606138888636
0.001	80	0.6	1.03755675855	0.112029434734013	0.144603430291799
0.001	80	0.7	1.0375782375826	0.112028323967148	0.144604648010933
0.001	80	0.8	1.03757685010803	0.112030225251255	0.144600255816479
0.001	80	0.9	1.03759637080274	0.11203055585451	0.144606905299553
0.001	80	1	1.03757652198451	0.112025788913293	0.144607851717782
0.001	100	0.1	0.978927521580438	0.107073009848525	0.111561592723679
0.001	100	0.2	1.02474482015286	0.111108160615808	0.143514456913453
0.001	100	0.3	1.05231974336402	0.110960271206915	0.137806052811678
0.001	100	0.4	1.05233120050423	0.110963335213334	0.137805495789334
0.001	100	0.5	1.0523532715677	0.1109595844696	0.137808930094068
0.001	100	0.6	1.05237222200445	0.11095970770024	0.137805523557649
0.001	100	0.7	1.05239782399539	0.110956609556416	0.137800448098428
0.001	100	0.8	1.05238214869958	0.110961072384511	0.137799780825427
0.001	100	0.9	1.05241580950992	0.110958796901653	0.137799130476372
0.001	100	1	1.05239678802708	0.11096228072165	0.13780864610217
0.001	1000	0.1	1.08124721490315	0.112092151628568	0.136047880195054
0.001	1000	0.2	1.10156646223773	0.109893174884433	0.141658978808394
0.001	1000	0.3	1.10158371847259	0.109889962744685	0.141659840410791
0.001	1000	0.4	1.10158041416585	0.109892378094066	0.141655125083034
0.001	1000	0.5	1.10160453448038	0.109891981536305	0.141656150007862
0.001	1000	0.6	1.10163692872585	0.109892724323829	0.141656479035276
0.001	1000	0.7	1.10163654861318	0.1098868104769	0.141648359944913
0.001	1000	0.8	1.10165390222906	0.109885995279976	0.141645324699869
0.001	1000	0.9	1.10166250381402	0.109887365439828	0.141661734110891
0.001	1000	1	1.10164663898032	0.109893791427206	0.141678843822141
0.01	0.01	0.1	1.01733820654952	0.028267528999985	0.0920016048465929
0.01	0.01	0.2	0.995041943969573	0.02811255166222	0.0886218237560626
0.01	0.01	0.3	0.98843734343931	0.0221698944326815	0.0590365366544017
0.01	0.01	0.4	0.98634999809888	0.0117211247727272	0.0649103033612087
0.01	0.01	0.5	0.98497125316381	0.0170605175421129	0.0604770134267297
0.01	0.01	0.6	0.985335090045418	0.0116246141814488	0.0784712016230449
0.01	0.01	0.7	0.986885694784471	0.0225028565698478	0.054952099730172
0.01	0.01	0.8	0.990627704148771	0.0195442908561885	0.0541232486875588
0.01	0.01	0.9	0.992034942396258	0.0217147272217624	0.0693996946480259
0.01	0.01	1	0.99128179658416	0.0251727091385071	0.0688171090216199
0.01	0.1	0.1	0.992606213840011	0.0271965913275654	0.0767648915062776
0.01	0.1	0.2	0.94808680028768	0.0340318554567253	0.0825219527127292
0.01	0.1	0.3	0.929791087055938	0.0266495878895551	0.0635899958062388
0.01	0.1	0.4	0.924433175659017	0.0317630947311797	0.0689462358511452
0.01	0.1	0.5	0.925620084930863	0.0329011332820576	0.0574342912254834
0.01	0.1	0.6	0.922761912246104	0.0275303991085665	0.0587815949900884
0.01	0.1	0.7	0.922681139993757	0.0359374180006196	0.0748348227349926
0.01	0.1	0.8	0.919912258763773	0.0362670594713583	0.0691094019249839
0.01	0.1	0.9	0.921880729724981	0.0422813364476936	0.059160588197801
0.01	0.1	1	0.921343003616416	0.0401467471350709	0.0507575118111459
0.01	1	0.1	0.912614967086679	0.0448759419918665	0.0886838769888
0.01	1	0.2	0.86567452313827	0.0487122275974063	0.130525701178357
0.01	1	0.3	0.841558241316881	0.0528668190326878	0.111324194993137
0.01	1	0.4	0.838308409896451	0.0540026746862585	0.0959320111118295
0.01	1	0.5	0.839525389734387	0.0545999738246866	0.107887211527552
0.01	1	0.6	0.842636307910462	0.0547788683691065	0.114910318247699
0.01	1	0.7	0.847125242516702	0.0495096988268704	0.120327288135792
0.01	1	0.8	0.853019689327068	0.0470660349443329	0.109577228843707
0.01	1	0.9	0.85369813328757	0.0491840960783469	0.12233128960965
0.01	1	1	0.854140614332334	0.0492045617080171	0.121737437930196
0.01	10	0.1	0.911171320138317	0.0780354036727796	0.125151043790945
0.01	10	0.2	0.868703733454312	0.0787563261550411	0.139270641820117
0.01	10	0.3	0.859188547847983	0.0866443706020926	0.148510815930995
0.01	10	0.4	0.869889571713188	0.0859591496157657	0.137183809115775
0.01	10	0.5	0.887112228036402	0.0825176613936826	0.131401019903352
0.01	10	0.6	0.904180719394605	0.0811711104522445	0.115496610881244
0.01	10	0.7	0.920577624662227	0.077784774313931	0.115222231262717
0.01	10	0.8	0.9206058733777	0.0777781465755704	0.115224299907478
0.01	10	0.9	0.920621402357243	0.0777738897358001	0.115214946218694
0.01	10	1	0.920636063479825	0.0777612523805421	0.115223918446806
0.01	20	0.1	0.915154861547945	0.0941777395996622	0.13108043621773
0.01	20	0.2	0.886585284172482	0.0972177277487508	0.147683638780326
0.01	20	0.3	0.897374423545594	0.0982991927569139	0.151425258238158
0.01	20	0.4	0.923976386570182	0.0956821702941126	0.127936530465415
0.01	20	0.5	0.949903727167514	0.0905289531525852	0.125825139711029
0.01	20	0.6	0.967007127478429	0.0865444240720316	0.124536135377858
0.01	20	0.7	0.967032563236846	0.0865290157925984	0.124530143448482
0.01	20	0.8	0.967048333657464	0.0865239967589269	0.124524016039972
0.01	20	0.9	0.967077941873771	0.0865150632312736	0.124517646917057
0.01	20	1	0.967070152913184	0.0865161126890321	0.124551891064624
0.01	60	0.1	0.951633399578128	0.10408734185844	0.123206054285053
0.01	60	0.2	0.96948932818141	0.110203752987115	0.135274807418928
0.01	60	0.3	1.00097499080162	0.113459682219099	0.142299291764292
0.01	60	0.4	1.01618259388444	0.112652595877019	0.1444457752294
0.01	60	0.5	1.01619140790037	0.112659525723022	0.144439623018508
0.01	60	0.6	1.01622136756863	0.11265398221006	0.144440805182032
0.01	60	0.7	1.01624357590487	0.112654928769686	0.144444813209443
0.01	60	0.8	1.0162295194186	0.112654333460736	0.144433881354507
0.01	60	0.9	1.01624730176066	0.112648852382351	0.144432266102937
0.01	60	1	1.01624590439571	0.1126472049836	0.144453160537821
0.01	80	0.1	0.967314936173232	0.105361673252616	0.11110163585459
0.01	80	0.2	1.00012460532064	0.111040627830855	0.139117400840204
0.01	80	0.3	1.03750828114905	0.112028490191971	0.144600184155532
0.01	80	0.4	1.03753535763209	0.112027457266331	0.144606851459468
0.01	80	0.5	1.03754763494023	0.112029676496681	0.144606138888636
0.01	80	0.6	1.03755675855	0.112029434734013	0.144603430291799
0.01	80	0.7	1.0375782375826	0.112028323967148	0.144604648010933
0.01	80	0.8	1.03757685010803	0.112030225251255	0.144600255816479
0.01	80	0.9	1.03759637080274	0.11203055585451	0.144606905299553
0.01	80	1	1.03757652198451	0.112025788913293	0.144607851717782
0.01	100	0.1	0.978927521580438	0.107073009848525	0.111561592723679
0.01	100	0.2	1.02474482015286	0.111108160615808	0.143514456913453
0.01	100	0.3	1.05231974336402	0.110960271206915	0.137806052811678
0.01	100	0.4	1.05233120050423	0.110963335213334	0.137805495789334
0.01	100	0.5	1.0523532715677	0.1109595844696	0.137808930094068
0.01	100	0.6	1.05237222200445	0.11095970770024	0.137805523557649
0.01	100	0.7	1.05239782399539	0.110956609556416	0.137800448098428
0.01	100	0.8	1.05238214869958	0.110961072384511	0.137799780825427
0.01	100	0.9	1.05241580950992	0.110958796901653	0.137799130476372
0.01	100	1	1.05239678802708	0.11096228072165	0.13780864610217
0.01	1000	0.1	1.08124721490315	0.112092151628568	0.136047880195054
0.01	1000	0.2	1.10156646223773	0.109893174884433	0.141658978808394
0.01	1000	0.3	1.10158371847259	0.109889962744685	0.141659840410791
0.01	1000	0.4	1.10158041416585	0.109892378094066	0.141655125083034
0.01	1000	0.5	1.10160453448038	0.109891981536305	0.141656150007862
0.01	1000	0.6	1.10163692872585	0.109892724323829	0.141656479035276
0.01	1000	0.7	1.10163654861318	0.1098868104769	0.141648359944913
0.01	1000	0.8	1.10165390222906	0.109885995279976	0.141645324699869
0.01	1000	0.9	1.10166250381402	0.109887365439828	0.141661734110891
0.01	1000	1	1.10164663898032	0.109893791427206	0.141678843822141
0.1	0.01	0.1	1.01733820654952	0.028267528999985	0.0920016048465929
0.1	0.01	0.2	0.995041943969573	0.02811255166222	0.0886218237560626
0.1	0.01	0.3	0.98843734343931	0.0221698944326815	0.0590365366544017
0.1	0.01	0.4	0.98634999809888	0.0117211247727272	0.0649103033612087
0.1	0.01	0.5	0.98497125316381	0.0170605175421129	0.0604770134267297
0.1	0.01	0.6	0.985335090045418	0.0116246141814488	0.0784712016230449
0.1	0.01	0.7	0.986885694784471	0.0225028565698478	0.054952099730172
0.1	0.01	0.8	0.990627704148771	0.0195442908561885	0.0541232486875588
0.1	0.01	0.9	0.992034942396258	0.0217147272217624	0.0693996946480259
0.1	0.01	1	0.99128179658416	0.0251727091385071	0.0688171090216199
0.1	0.1	0.1	0.992606213840011	0.0271965913275654	0.0767648915062776
0.1	0.1	0.2	0.94808680028768	0.0340318554567253	0.0825219527127292
0.1	0.1	0.3	0.929791087055938	0.0266495878895551	0.0635899958062388
0.1	0.1	0.4	0.924433175659017	0.0317630947311797	0.0689462358511452
0.1	0.1	0.5	0.925620084930863	0.0329011332820576	0.0574342912254834
0.1	0.1	0.6	0.922761912246104	0.0275303991085665	0.0587815949900884
0.1	0.1	0.7	0.922681139993757	0.0359374180006196	0.0748348227349926
0.1	0.1	0.8	0.919912258763773	0.0362670594713583	0.0691094019249839
0.1	0.1	0.9	0.921880729724981	0.0422813364476936	0.059160588197801
0.1	0.1	1	0.921343003616416	0.0401467471350709	0.0507575118111459
0.1	1	0.1	0.912614967086679	0.0448759419918665	0.0886838769888
0.1	1	0.2	0.86567452313827	0.0487122275974063	0.130525701178357
0.1	1	0.3	0.841558241316881	0.0528668190326878	0.111324194993137
0.1	1	0.4	0.838308409896451	0.0540026746862585	0.0959320111118295
0.1	1	0.5	0.839525389734387	0.0545999738246866	0.107887211527552
0.1	1	0.6	0.842636307910462	0.0547788683691065	0.114910318247699
0.1	1	0.7	0.847125242516702	0.0495096988268704	0.120327288135792
0.1	1	0.8	0.853019689327068	0.0470660349443329	0.109577228843707
0.1	1	0.9	0.85369813328757	0.0491840960783469	0.12233128960965
0.1	1	1	0.854140614332334	0.0492045617080171	0.121737437930196
0.1	10	0.1	0.911171320138317	0.0780354036727796	0.125151043790945
0.1	10	0.2	0.868703733454312	0.0787563261550411	0.139270641820117
0.1	10	0.3	0.859188547847983	0.0866443706020926	0.148510815930995
0.1	10	0.4	0.869889571713188	0.0859591496157657	0.137183809115775
0.1	10	0.5	0.887112228036402	0.0825176613936826	0.131401019903352
0.1	10	0.6	0.904180719394605	0.0811711104522445	0.115496610881244
0.1	10	0.7	0.920577624662227	0.077784774313931	0.115222231262717
0.1	10	0.8	0.9206058733777	0.0777781465755704	0.115224299907478
0.1	10	0.9	0.920621402357243	0.0777738897358001	0.115214946218694
0.1	10	1	0.920636063479825	0.0777612523805421	0.115223918446806
0.1	20	0.1	0.915154861547945	0.0941777395996622	0.13108043621773
0.1	20	0.2	0.886585284172482	0.0972177277487508	0.147683638780326
0.1	20	0.3	0.897374423545594	0.0982991927569139	0.151425258238158
0.1	20	0.4	0.923976386570182	0.0956821702941126	0.127936530465415
0.1	20	0.5	0.949903727167514	0.0905289531525852	0.125825139711029
0.1	20	0.6	0.967007127478429	0.0865444240720316	0.124536135377858
0.1	20	0.7	0.967032563236846	0.0865290157925984	0.124530143448482
0.1	20	0.8	0.967048333657464	0.0865239967589269	0.124524016039972
0.1	20	0.9	0.967077941873771	0.0865150632312736	0.124517646917057
0.1	20	1	0.967070152913184	0.0865161126890321	0.124551891064624
0.1	60	0.1	0.951633399578128	0.10408734185844	0.123206054285053
0.1	60	0.2	0.96948932818141	0.110203752987115	0.135274807418928
0.1	60	0.3	1.00097499080162	0.113459682219099	0.142299291764292
0.1	60	0.4	1.01618259388444	0.112652595877019	0.1444457752294
0.1	60	0.5	1.01619140790037	0.112659525723022	0.144439623018508
0.1	60	0.6	1.01622136756863	0.11265398221006	0.144440805182032
0.1	60	0.7	1.01624357590487	0.112654928769686	0.144444813209443
0.1	60	0.8	1.0162295194186	0.112654333460736	0.144433881354507
0.1	60	0.9	1.01624730176066	0.112648852382351	0.144432266102937
0.1	60	1	1.01624590439571	0.1126472049836	0.144453160537821
0.1	80	0.1	0.967314936173232	0.105361673252616	0.11110163585459
0.1	80	0.2	1.00012460532064	0.111040627830855	0.139117400840204
0.1	80	0.3	1.03750828114905	0.112028490191971	0.144600184155532
0.1	80	0.4	1.03753535763209	0.112027457266331	0.144606851459468
0.1	80	0.5	1.03754763494023	0.112029676496681	0.144606138888636
0.1	80	0.6	1.03755675855	0.112029434734013	0.144603430291799
0.1	80	0.7	1.0375782375826	0.112028323967148	0.144604648010933
0.1	80	0.8	1.03757685010803	0.112030225251255	0.144600255816479
0.1	80	0.9	1.03759637080274	0.11203055585451	0.144606905299553
0.1	80	1	1.03757652198451	0.112025788913293	0.144607851717782
0.1	100	0.1	0.978927521580438	0.107073009848525	0.111561592723679
0.1	100	0.2	1.02474482015286	0.111108160615808	0.143514456913453
0.1	100	0.3	1.05231974336402	0.110960271206915	0.137806052811678
0.1	100	0.4	1.05233120050423	0.110963335213334	0.137805495789334
0.1	100	0.5	1.0523532715677	0.1109595844696	0.137808930094068
0.1	100	0.6	1.05237222200445	0.11095970770024	0.137805523557649
0.1	100	0.7	1.05239782399539	0.110956609556416	0.137800448098428
0.1	100	0.8	1.05238214869958	0.110961072384511	0.137799780825427
0.1	100	0.9	1.05241580950992	0.110958796901653	0.137799130476372
0.1	100	1	1.05239678802708	0.11096228072165	0.13780864610217
0.1	1000	0.1	1.08124721490315	0.112092151628568	0.136047880195054
0.1	1000	0.2	1.10156646223773	0.109893174884433	0.141658978808394
0.1	1000	0.3	1.10158371847259	0.109889962744685	0.141659840410791
0.1	1000	0.4	1.10158041416585	0.109892378094066	0.141655125083034
0.1	1000	0.5	1.10160453448038	0.109891981536305	0.141656150007862
0.1	1000	0.6	1.10163692872585	0.109892724323829	0.141656479035276
0.1	1000	0.7	1.10163654861318	0.1098868104769	0.141648359944913
0.1	1000	0.8	1.10165390222906	0.109885995279976	0.141645324699869
0.1	1000	0.9	1.10166250381402	0.109887365439828	0.141661734110891
0.1	1000	1	1.10164663898032	0.109893791427206	0.141678843822141
0.5	0.01	0.1	1.01733820654952	0.028267528999985	0.0920016048465929
0.5	0.01	0.2	0.995041943969573	0.02811255166222	0.0886218237560626
0.5	0.01	0.3	0.98843734343931	0.0221698944326815	0.0590365366544017
0.5	0.01	0.4	0.98634999809888	0.0117211247727272	0.0649103033612087
0.5	0.01	0.5	0.98497125316381	0.0170605175421129	0.0604770134267297
0.5	0.01	0.6	0.985335090045418	0.0116246141814488	0.0784712016230449
0.5	0.01	0.7	0.986885694784471	0.0225028565698478	0.054952099730172
0.5	0.01	0.8	0.990627704148771	0.0195442908561885	0.0541232486875588
0.5	0.01	0.9	0.992034942396258	0.0217147272217624	0.0693996946480259
0.5	0.01	1	0.99128179658416	0.0251727091385071	0.0688171090216199
0.5	0.1	0.1	0.992606213840011	0.0271965913275654	0.0767648915062776
0.5	0.1	0.2	0.94808680028768	0.0340318554567253	0.0825219527127292
0.5	0.1	0.3	0.929791087055938	0.0266495878895551	0.0635899958062388
0.5	0.1	0.4	0.924433175659017	0.0317630947311797	0.0689462358511452
0.5	0.1	0.5	0.925620084930863	0.0329011332820576	0.0574342912254834
0.5	0.1	0.6	0.922761912246104	0.0275303991085665	0.0587815949900884
0.5	0.1	0.7	0.922681139993757	0.0359374180006196	0.0748348227349926
0.5	0.1	0.8	0.919912258763773	0.0362670594713583	0.0691094019249839
0.5	0.1	0.9	0.921880729724981	0.0422813364476936	0.059160588197801
0.5	0.1	1	0.921343003616416	0.0401467471350709	0.0507575118111459
0.5	1	0.1	0.912614967086679	0.0448759419918665	0.0886838769888
0.5	1	0.2	0.86567452313827	0.0487122275974063	0.130525701178357
0.5	1	0.3	0.841558241316881	0.0528668190326878	0.111324194993137
0.5	1	0.4	0.838308409896451	0.0540026746862585	0.0959320111118295
0.5	1	0.5	0.839525389734387	0.0545999738246866	0.107887211527552
0.5	1	0.6	0.842636307910462	0.0547788683691065	0.114910318247699
0.5	1	0.7	0.847125242516702	0.0495096988268704	0.120327288135792
0.5	1	0.8	0.853019689327068	0.0470660349443329	0.109577228843707
0.5	1	0.9	0.85369813328757	0.0491840960783469	0.12233128960965
0.5	1	1	0.854140614332334	0.0492045617080171	0.121737437930196
0.5	10	0.1	0.911171320138317	0.0780354036727796	0.125151043790945
0.5	10	0.2	0.868703733454312	0.0787563261550411	0.139270641820117
0.5	10	0.3	0.859188547847983	0.0866443706020926	0.148510815930995
0.5	10	0.4	0.869889571713188	0.0859591496157657	0.137183809115775
0.5	10	0.5	0.887112228036402	0.0825176613936826	0.131401019903352
0.5	10	0.6	0.904180719394605	0.0811711104522445	0.115496610881244
0.5	10	0.7	0.920577624662227	0.077784774313931	0.115222231262717
0.5	10	0.8	0.9206058733777	0.0777781465755704	0.115224299907478
0.5	10	0.9	0.920621402357243	0.0777738897358001	0.115214946218694
0.5	10	1	0.920636063479825	0.0777612523805421	0.115223918446806
0.5	20	0.1	0.915154861547945	0.0941777395996622	0.13108043621773
0.5	20	0.2	0.886585284172482	0.0972177277487508	0.147683638780326
0.5	20	0.3	0.897374423545594	0.0982991927569139	0.151425258238158
0.5	20	0.4	0.923976386570182	0.0956821702941126	0.127936530465415
0.5	20	0.5	0.949903727167514	0.0905289531525852	0.125825139711029
0.5	20	0.6	0.967007127478429	0.0865444240720316	0.124536135377858
0.5	20	0.7	0.967032563236846	0.0865290157925984	0.124530143448482
0.5	20	0.8	0.967048333657464	0.0865239967589269	0.124524016039972
0.5	20	0.9	0.967077941873771	0.0865150632312736	0.124517646917057
0.5	20	1	0.967070152913184	0.0865161126890321	0.124551891064624
0.5	60	0.1	0.951633399578128	0.10408734185844	0.123206054285053
0.5	60	0.2	0.96948932818141	0.110203752987115	0.135274807418928
0.5	60	0.3	1.00097499080162	0.113459682219099	0.142299291764292
0.5	60	0.4	1.01618259388444	0.112652595877019	0.1444457752294
0.5	60	0.5	1.01619140790037	0.112659525723022	0.144439623018508
0.5	60	0.6	1.01622136756863	0.11265398221006	0.144440805182032
0.5	60	0.7	1.01624357590487	0.112654928769686	0.144444813209443
0.5	60	0.8	1.0162295194186	0.112654333460736	0.144433881354507
0.5	60	0.9	1.01624730176066	0.112648852382351	0.144432266102937
0.5	60	1	1.01624590439571	0.1126472049836	0.144453160537821
0.5	80	0.1	0.967314936173232	0.105361673252616	0.11110163585459
0.5	80	0.2	1.00012460532064	0.111040627830855	0.139117400840204
0.5	80	0.3	1.03750828114905	0.112028490191971	0.144600184155532
0.5	80	0.4	1.03753535763209	0.112027457266331	0.144606851459468
0.5	80	0.5	1.03754763494023	0.112029676496681	0.144606138888636
0.5	80	0.6	1.03755675855	0.112029434734013	0.144603430291799
0.5	80	0.7	1.0375782375826	0.112028323967148	0.144604648010933
0.5	80	0.8	1.03757685010803	0.112030225251255	0.144600255816479
0.5	80	0.9	1.03759637080274	0.11203055585451	0.144606905299553
0.5	80	1	1.03757652198451	0.112025788913293	0.144607851717782
0.5	100	0.1	0.978927521580438	0.107073009848525	0.111561592723679
0.5	100	0.2	1.02474482015286	0.111108160615808	0.143514456913453
0.5	100	0.3	1.05231974336402	0.110960271206915	0.137806052811678
0.5	100	0.4	1.05233120050423	0.110963335213334	0.137805495789334
0.5	100	0.5	1.0523532715677	0.1109595844696	0.137808930094068
0.5	100	0.6	1.05237222200445	0.11095970770024	0.137805523557649
0.5	100	0.7	1.05239782399539	0.110956609556416	0.137800448098428
0.5	100	0.8	1.05238214869958	0.110961072384511	0.137799780825427
0.5	100	0.9	1.05241580950992	0.110958796901653	0.137799130476372
0.5	100	1	1.05239678802708	0.11096228072165	0.13780864610217
0.5	1000	0.1	1.08124721490315	0.112092151628568	0.136047880195054
0.5	1000	0.2	1.10156646223773	0.109893174884433	0.141658978808394
0.5	1000	0.3	1.10158371847259	0.109889962744685	0.141659840410791
0.5	1000	0.4	1.10158041416585	0.109892378094066	0.141655125083034
0.5	1000	0.5	1.10160453448038	0.109891981536305	0.141656150007862
0.5	1000	0.6	1.10163692872585	0.109892724323829	0.141656479035276
0.5	1000	0.7	1.10163654861318	0.1098868104769	0.141648359944913
0.5	1000	0.8	1.10165390222906	0.109885995279976	0.141645324699869
0.5	1000	0.9	1.10166250381402	0.109887365439828	0.141661734110891
0.5	1000	1	1.10164663898032	0.109893791427206	0.141678843822141
1	0.01	0.1	1.01733820654952	0.028267528999985	0.0920016048465929
1	0.01	0.2	0.995041943969573	0.02811255166222	0.0886218237560626
1	0.01	0.3	0.98843734343931	0.0221698944326815	0.0590365366544017
1	0.01	0.4	0.98634999809888	0.0117211247727272	0.0649103033612087
1	0.01	0.5	0.98497125316381	0.0170605175421129	0.0604770134267297
1	0.01	0.6	0.985335090045418	0.0116246141814488	0.0784712016230449
1	0.01	0.7	0.986885694784471	0.0225028565698478	0.054952099730172
1	0.01	0.8	0.990627704148771	0.0195442908561885	0.0541232486875588
1	0.01	0.9	0.992034942396258	0.0217147272217624	0.0693996946480259
1	0.01	1	0.99128179658416	0.0251727091385071	0.0688171090216199
1	0.1	0.1	0.992606213840011	0.0271965913275654	0.0767648915062776
1	0.1	0.2	0.94808680028768	0.0340318554567253	0.0825219527127292
1	0.1	0.3	0.929791087055938	0.0266495878895551	0.0635899958062388
1	0.1	0.4	0.924433175659017	0.0317630947311797	0.0689462358511452
1	0.1	0.5	0.925620084930863	0.0329011332820576	0.0574342912254834
1	0.1	0.6	0.922761912246104	0.0275303991085665	0.0587815949900884
1	0.1	0.7	0.922681139993757	0.0359374180006196	0.0748348227349926
1	0.1	0.8	0.919912258763773	0.0362670594713583	0.0691094019249839
1	0.1	0.9	0.921880729724981	0.0422813364476936	0.059160588197801
1	0.1	1	0.921343003616416	0.0401467471350709	0.0507575118111459
1	1	0.1	0.912614967086679	0.0448759419918665	0.0886838769888
1	1	0.2	0.86567452313827	0.0487122275974063	0.130525701178357
1	1	0.3	0.841558241316881	0.0528668190326878	0.111324194993137
1	1	0.4	0.838308409896451	0.0540026746862585	0.0959320111118295
1	1	0.5	0.839525389734387	0.0545999738246866	0.107887211527552
1	1	0.6	0.842636307910462	0.0547788683691065	0.114910318247699
1	1	0.7	0.847125242516702	0.0495096988268704	0.120327288135792
1	1	0.8	0.853019689327068	0.0470660349443329	0.109577228843707
1	1	0.9	0.85369813328757	0.0491840960783469	0.12233128960965
1	1	1	0.854140614332334	0.0492045617080171	0.121737437930196
1	10	0.1	0.911171320138317	0.0780354036727796	0.125151043790945
1	10	0.2	0.868703733454312	0.0787563261550411	0.139270641820117
1	10	0.3	0.859188547847983	0.0866443706020926	0.148510815930995
1	10	0.4	0.869889571713188	0.0859591496157657	0.137183809115775
1	10	0.5	0.887112228036402	0.0825176613936826	0.131401019903352
1	10	0.6	0.904180719394605	0.0811711104522445	0.115496610881244
1	10	0.7	0.920577624662227	0.077784774313931	0.115222231262717
1	10	0.8	0.9206058733777	0.0777781465755704	0.115224299907478
1	10	0.9	0.920621402357243	0.0777738897358001	0.115214946218694
1	10	1	0.920636063479825	0.0777612523805421	0.115223918446806
1	20	0.1	0.915154861547945	0.0941777395996622	0.13108043621773
1	20	0.2	0.886585284172482	0.0972177277487508	0.147683638780326
1	20	0.3	0.897374423545594	0.0982991927569139	0.151425258238158
1	20	0.4	0.923976386570182	0.0956821702941126	0.127936530465415
1	20	0.5	0.949903727167514	0.0905289531525852	0.125825139711029
1	20	0.6	0.967007127478429	0.0865444240720316	0.124536135377858
1	20	0.7	0.967032563236846	0.0865290157925984	0.124530143448482
1	20	0.8	0.967048333657464	0.0865239967589269	0.124524016039972
1	20	0.9	0.967077941873771	0.0865150632312736	0.124517646917057
1	20	1	0.967070152913184	0.0865161126890321	0.124551891064624
1	60	0.1	0.951633399578128	0.10408734185844	0.123206054285053
1	60	0.2	0.96948932818141	0.110203752987115	0.135274807418928
1	60	0.3	1.00097499080162	0.113459682219099	0.142299291764292
1	60	0.4	1.01618259388444	0.112652595877019	0.1444457752294
1	60	0.5	1.01619140790037	0.112659525723022	0.144439623018508
1	60	0.6	1.01622136756863	0.11265398221006	0.144440805182032
1	60	0.7	1.01624357590487	0.112654928769686	0.144444813209443
1	60	0.8	1.0162295194186	0.112654333460736	0.144433881354507
1	60	0.9	1.01624730176066	0.112648852382351	0.144432266102937
1	60	1	1.01624590439571	0.1126472049836	0.144453160537821
1	80	0.1	0.967314936173232	0.105361673252616	0.11110163585459
1	80	0.2	1.00012460532064	0.111040627830855	0.139117400840204
1	80	0.3	1.03750828114905	0.112028490191971	0.144600184155532
1	80	0.4	1.03753535763209	0.112027457266331	0.144606851459468
1	80	0.5	1.03754763494023	0.112029676496681	0.144606138888636
1	80	0.6	1.03755675855	0.112029434734013	0.144603430291799
1	80	0.7	1.0375782375826	0.112028323967148	0.144604648010933
1	80	0.8	1.03757685010803	0.112030225251255	0.144600255816479
1	80	0.9	1.03759637080274	0.11203055585451	0.144606905299553
1	80	1	1.03757652198451	0.112025788913293	0.144607851717782
1	100	0.1	0.978927521580438	0.107073009848525	0.111561592723679
1	100	0.2	1.02474482015286	0.111108160615808	0.143514456913453
1	100	0.3	1.05231974336402	0.110960271206915	0.137806052811678
1	100	0.4	1.05233120050423	0.110963335213334	0.137805495789334
1	100	0.5	1.0523532715677	0.1109595844696	0.137808930094068
1	100	0.6	1.05237222200445	0.11095970770024	0.137805523557649
1	100	0.7	1.05239782399539	0.110956609556416	0.137800448098428
1	100	0.8	1.05238214869958	0.110961072384511	0.137799780825427
1	100	0.9	1.05241580950992	0.110958796901653	0.137799130476372
1	100	1	1.05239678802708	0.11096228072165	0.13780864610217
1	1000	0.1	1.08124721490315	0.112092151628568	0.136047880195054
1	1000	0.2	1.10156646223773	0.109893174884433	0.141658978808394
1	1000	0.3	1.10158371847259	0.109889962744685	0.141659840410791
1	1000	0.4	1.10158041416585	0.109892378094066	0.141655125083034
1	1000	0.5	1.10160453448038	0.109891981536305	0.141656150007862
1	1000	0.6	1.10163692872585	0.109892724323829	0.141656479035276
1	1000	0.7	1.10163654861318	0.1098868104769	0.141648359944913
1	1000	0.8	1.10165390222906	0.109885995279976	0.141645324699869
1	1000	0.9	1.10166250381402	0.109887365439828	0.141661734110891
1	1000	1	1.10164663898032	0.109893791427206	0.141678843822141
